202 -1 -1 -1 -1
0 483 248 501 269

1 482 248 500 269
2 483 248 500 268
3 484 250 499 268
4 484 248 501 268
5 484 249 500 268
6 484 247 500 266
7 483 248 500 268
8 484 248 501 268
9 484 249 500 268
10 484 248 500 267
11 483 248 500 268
12 484 249 500 268
13 484 247 500 266
14 484 248 501 268
15 484 248 501 268
16 484 249 500 268
17 484 247 500 266
18 484 247 501 267
19 484 248 501 268
20 484 248 501 268
21 484 249 500 268
22 484 247 500 266
23 483 248 500 268
24 484 248 501 268
25 484 249 500 268
26 484 247 500 266
27 484 248 500 267
28 483 248 500 268
29 484 248 501 268
30 484 249 500 268
31 484 248 500 267
32 483 248 500 268
33 484 248 501 268
34 484 249 500 268
35 484 248 500 267
36 483 248 500 268
37 484 248 501 268
38 484 249 500 268
39 484 248 500 267
40 483 248 500 268
41 484 248 501 268
42 484 249 500 268
43 484 248 500 267
44 483 248 500 268
45 484 248 501 268
46 484 249 500 268
47 484 248 500 267
48 484 248 501 268
49 484 248 501 268
50 501 252 518 272
51 519 255 536 275
52 535 257 553 278
53 551 262 569 283
54 566 265 584 286
55 566 265 585 287
56 578 267 597 289
57 591 270 611 293
58 602 273 621 295
59 609 275 629 298
60 610 276 630 299
61 611 276 631 299
62 611 278 631 301
63 612 280 631 302
64 614 282 632 303
65 614 283 633 305
66 614 285 633 307
67 615 286 633 307
68 615 287 635 310
69 615 288 635 311
70 615 290 636 314
71 616 291 637 315
72 616 293 637 317
73 617 294 637 317
74 617 295 636 317
75 618 297 637 319
76 619 299 637 320
77 621 302 638 322
78 621 303 638 323
79 621 303 637 322
80 621 304 637 323
81 622 306 638 325
82 623 308 639 327
83 623 309 639 328
84 623 311 639 330
85 623 311 639 330
86 624 313 640 332
87 624 313 640 332
88 625 315 641 334
89 626 317 641 335
90 626 318 643 338
91 626 318 643 338
92 626 320 643 340
93 626 320 643 340
94 627 321 644 341
95 628 324 645 344
96 628 325 645 345
97 628 325 645 345
98 628 325 645 345
99 627 327 644 347
100 629 328 646 348
101 629 329 646 349
102 630 331 647 351
103 630 331 647 351
104 631 333 648 353
105 631 334 647 353
106 631 335 647 354
107 631 335 647 354
108 632 337 649 357
109 632 337 649 357
110 632 338 649 358
111 633 340 650 360
112 633 340 650 360
113 633 341 650 361
114 633 343 650 363
115 633 343 650 363
116 634 343 651 363
117 634 344 651 364
118 634 345 651 365
119 634 346 651 366
120 635 347 652 367
121 634 347 651 367
122 635 348 652 368
123 635 349 652 369
124 635 350 652 370
125 635 350 652 370
126 636 351 653 371
127 636 352 653 372
128 637 353 654 373
129 637 353 654 373
130 636 354 653 374
131 636 353 654 374
132 637 355 654 375
133 637 355 654 375
134 637 356 654 376
135 637 358 654 378
136 638 357 655 377
137 638 358 655 378
138 638 360 655 380
139 638 359 655 379
140 639 360 656 380
141 639 361 656 381
142 639 361 656 381
143 638 361 655 381
144 638 361 655 381
145 638 361 655 381
146 638 362 655 382
147 638 363 655 383
148 639 364 656 384
149 639 364 656 384
150 640 365 657 385
151 640 365 657 385
152 640 365 657 385
153 640 366 657 386
154 640 366 657 386
155 640 367 657 387
156 640 367 657 387
157 640 366 657 386
158 640 367 657 387
159 641 367 658 387
160 641 368 658 388
161 641 368 658 388
162 641 368 658 388
163 641 369 658 389
164 641 368 658 388
165 640 369 657 389
166 640 369 657 389
167 640 369 657 389
168 640 370 657 390
169 640 369 657 389
170 641 370 658 390
171 641 369 658 389
172 640 369 658 390
173 640 369 657 389
174 639 369 656 389
175 640 369 657 389
176 639 369 656 389
177 640 369 657 389
178 640 369 657 389
179 640 370 657 390
180 640 370 657 390
181 640 370 657 390
182 640 369 657 389
183 640 369 657 389
184 640 370 657 390
185 640 370 657 390
186 640 370 657 390
187 640 370 657 390
188 640 369 657 389
189 640 369 657 389
190 640 370 657 390
191 640 370 657 390
192 640 370 657 390
193 640 370 657 390
194 640 370 657 390
195 640 370 657 390
196 640 369 657 389
197 640 369 657 389
198 640 370 657 390
199 640 370 657 390
200 640 370 657 390
201 640 370 657 390
