202 -1 -1 -1 -1
0 630 276 647 296

1 630 276 647 296
2 630 277 646 296
3 630 277 647 297
4 630 277 646 296
5 630 278 646 297
6 630 277 647 297
7 630 278 646 297
8 630 278 646 297
9 630 277 647 297
10 630 278 646 297
11 630 277 647 297
12 630 277 647 297
13 629 276 648 298
14 630 277 647 297
15 630 277 647 297
16 630 278 646 297
17 630 277 646 296
18 630 278 646 297
19 630 278 646 297
20 630 277 647 297
21 630 278 646 297
22 630 277 647 297
23 630 277 647 297
24 629 276 648 298
25 630 277 647 297
26 629 276 648 298
27 630 277 647 297
28 630 277 647 297
29 630 278 646 297
30 630 277 646 296
31 630 278 646 297
32 630 278 646 297
33 630 277 647 297
34 630 277 646 296
35 630 277 646 296
36 630 277 646 296
37 630 278 646 297
38 630 277 646 296
39 630 277 646 296
40 630 278 646 297
41 630 277 646 296
42 630 278 646 297
43 630 278 646 297
44 630 278 646 297
45 630 277 647 297
46 630 277 646 296
47 630 277 646 296
48 630 277 646 296
49 630 278 646 297
50 630 278 646 297
51 630 277 646 296
52 630 278 646 297
53 630 278 646 297
54 630 278 646 297
55 630 277 646 296
56 630 277 646 296
57 630 277 646 296
58 630 277 646 296
59 633 277 649 296
60 641 277 657 296
61 640 276 658 297
62 648 276 666 297
63 654 277 671 297
64 662 277 678 296
65 668 277 684 296
66 674 277 690 296
67 673 276 690 296
68 679 276 697 297
69 684 276 702 297
70 691 275 709 296
71 696 275 714 296
72 704 275 722 296
73 703 276 721 297
74 710 276 728 297
75 714 275 732 296
76 721 275 739 296
77 726 275 744 296
78 732 275 751 297
79 733 276 751 297
80 738 276 756 297
81 744 276 762 297
82 749 275 767 296
83 756 275 774 296
84 760 275 778 296
85 761 275 779 296
86 766 275 784 296
87 771 275 789 296
88 777 275 795 296
89 782 275 800 296
90 788 275 805 295
91 787 275 805 296
92 792 275 810 296
93 798 275 816 296
94 804 276 820 295
95 809 277 825 296
96 814 277 830 296
97 814 277 830 296
98 820 277 836 296
99 824 276 840 295
100 829 276 845 295
101 834 276 850 295
102 839 276 855 295
103 839 276 855 295
104 844 276 859 294
105 848 276 863 294
106 853 276 869 295
107 859 276 874 294
108 863 276 878 294
109 862 276 877 294
110 868 276 883 294
111 872 276 887 294
112 876 276 891 294
113 881 276 896 294
114 885 276 900 294
115 885 276 900 294
116 889 276 904 294
117 893 276 908 294
118 898 276 913 294
119 902 276 917 294
120 906 276 921 294
121 906 276 921 294
122 910 275 925 293
123 914 275 929 293
124 918 276 933 294
125 922 276 937 294
126 926 276 941 294
127 926 275 941 293
128 930 276 944 293
129 934 277 948 293
130 938 277 951 293
131 942 281 955 297
132 932 295 944 310
133 932 296 944 311
134 933 296 945 310
135 932 295 944 309
136 932 295 944 309
137 932 296 944 310
138 932 295 944 309
139 933 295 945 309
140 932 295 944 309
