210 -1 -1 -1 -1
0 736 153 752 169
1 735 153 751 169
2 735 153 751 169
3 735 153 751 169
4 735 153 751 169
5 736 154 751 169
6 735 153 751 169
7 735 153 751 169
8 735 153 751 169
9 735 154 751 170
10 735 153 751 169
11 735 153 751 169
12 735 154 751 170
13 735 153 751 169
14 735 153 751 169
15 735 153 751 169
16 736 154 751 169
17 735 153 751 169
18 735 153 751 169
19 736 154 751 169
20 728 159 743 174
21 720 170 734 184
22 720 171 735 186
23 708 181 724 197
24 701 192 717 208
25 701 191 718 208
26 682 211 699 228
27 674 221 691 238
28 673 221 690 238
29 665 230 682 247
30 656 240 673 257
31 656 240 672 256
32 641 258 658 275
33 632 267 649 284
34 632 268 649 285
35 624 276 641 293
36 616 283 633 300
37 616 284 632 300
38 602 301 618 317
39 594 311 609 326
40 593 310 609 326
41 585 319 601 335
42 576 329 593 346
43 575 328 592 345
44 559 348 575 364
45 551 357 568 374
46 549 356 566 373
47 541 366 558 383
48 531 374 549 392
49 531 375 549 393
50 515 396 533 414
51 504 405 522 423
52 504 405 522 423
53 494 414 512 432
54 485 425 503 443
55 485 425 503 443
56 466 447 484 465
57 456 458 474 476
58 455 458 473 476
59 446 469 464 487
60 434 480 452 498
61 434 479 452 497
62 413 502 431 520
63 401 514 419 532
64 403 515 421 533
65 391 527 409 545
66 368 552 386 570
67 368 552 386 570
68 359 563 377 581
69 365 566 382 583
70 364 565 381 582
71 368 569 386 587
72 373 571 391 589
73 374 570 392 588
74 374 567 392 585
75 376 565 394 583
76 375 564 393 582
77 376 562 394 580
78 378 557 396 575
79 378 557 396 575
80 379 554 397 572
81 380 553 398 571
82 380 553 398 571
83 381 551 399 569
84 383 546 401 564
85 383 546 401 564
86 384 543 402 561
87 384 541 402 559
88 384 541 402 559
89 385 539 403 557
90 387 535 405 553
91 387 534 405 552
92 388 533 406 551
93 388 531 406 549
94 389 531 407 549
95 390 529 408 547
96 391 525 409 543
97 391 525 409 543
98 391 523 409 541
99 392 521 410 539
100 392 521 410 539
101 394 520 412 538
102 396 517 414 535
103 395 516 413 534
104 396 514 414 532
105 397 514 415 532
106 396 513 414 531
107 397 511 415 529
108 398 508 416 526
109 399 509 417 527
110 399 506 417 524
111 400 505 418 523
112 400 505 418 523
113 400 504 418 522
114 402 501 420 519
115 401 500 419 518
116 402 499 420 517
117 403 498 421 516
118 402 498 420 516
119 403 496 421 514
120 405 494 423 512
121 404 494 422 512
122 405 493 423 511
123 405 491 423 509
124 405 491 423 509
125 405 490 423 508
126 407 487 425 505
127 406 487 424 505
128 407 486 425 504
129 407 485 425 503
130 407 485 425 503
131 407 483 425 501
132 408 481 426 499
133 408 481 426 499
134 409 480 427 498
135 409 480 427 498
136 409 479 427 497
137 408 478 426 496
138 409 476 427 494
139 410 476 428 494
140 410 475 428 493
141 410 474 428 492
142 410 474 428 492
143 411 473 429 491
144 411 471 429 489
145 411 471 429 489
146 411 471 429 489
147 412 469 430 487
148 412 469 430 487
149 412 469 430 487
150 412 467 430 485
151 412 467 430 485
152 413 467 431 485
153 413 465 431 483
154 412 466 430 484
155 412 465 430 483
156 414 464 432 482
157 413 463 431 481
158 414 463 432 481
159 413 462 431 480
160 413 462 431 480
161 414 461 432 479
162 414 461 432 479
163 414 460 432 478
164 415 460 433 478
165 414 460 432 478
166 415 459 433 477
167 415 459 433 477
168 415 458 433 476
169 415 458 433 476
170 414 457 432 475
171 415 457 433 475
172 415 457 433 475
173 415 457 433 475
174 415 456 433 474
175 415 455 433 473
176 416 456 434 474
177 416 455 434 473
178 415 454 433 472
179 416 455 434 473
180 416 454 434 472
181 416 453 434 471
182 417 454 435 472
183 416 453 434 471
184 417 453 435 471
185 416 453 434 471
186 417 453 435 471
187 416 453 434 471
188 417 453 435 471
189 417 452 435 470
190 417 452 435 470
191 416 452 434 470
192 416 453 434 471
193 417 452 435 470
194 417 452 435 470
195 417 452 435 470
196 416 452 434 470
197 416 452 434 470
198 417 452 435 470
199 417 452 435 470
200 417 452 435 470
201 417 452 435 470
202 417 452 435 470
203 416 452 434 470
204 417 452 435 470
205 417 452 435 470
206 417 452 435 470
207 417 451 435 469
208 417 452 435 470
209 416 452 434 470
