210 -1 -1 -1 -1
0 344 570 363 587
1 343 570 362 587
2 343 570 362 587
3 343 569 362 586
4 343 569 362 586
5 343 570 362 587
6 343 570 362 587
7 343 570 362 587
8 343 569 362 586
9 343 569 362 586
10 343 570 362 587
11 343 570 362 587
12 343 570 362 587
13 344 570 361 585
14 344 569 362 585
15 344 570 362 586
16 345 570 363 586
17 345 571 362 586
18 343 569 361 585
19 344 570 362 586
20 344 571 362 587
21 345 571 362 586
22 344 569 362 585
23 344 570 362 586
24 345 571 362 586
25 343 570 361 586
26 344 570 362 586
27 345 570 363 586
28 344 570 362 586
29 345 571 362 586
30 343 569 361 585
31 344 570 362 586
32 345 571 362 586
33 343 570 361 586
34 344 570 362 586
35 345 570 363 586
36 344 570 362 586
37 345 571 362 586
38 343 569 361 585
39 344 570 362 586
40 345 571 362 586
41 343 570 361 586
42 344 570 362 586
43 345 571 362 586
44 343 569 361 585
45 344 570 362 586
46 345 571 362 586
47 343 570 361 586
48 344 570 362 586
49 345 570 363 586
50 344 570 362 586
51 345 571 362 586
52 344 569 362 585
53 344 570 362 586
54 345 571 362 586
55 344 570 362 586
56 344 570 362 586
57 345 571 362 586
58 344 569 362 585
59 344 570 362 586
60 345 571 362 586
61 344 570 362 586
62 344 570 362 586
63 345 571 362 586
64 343 569 361 585
65 344 570 362 586
66 344 570 362 586
67 345 571 362 586
68 341 571 358 586
69 323 578 340 593
70 321 579 337 593
71 305 585 322 600
72 275 596 292 611
73 274 597 291 612
74 273 597 291 613
75 274 597 292 613
76 274 598 291 613
77 274 597 291 612
78 273 597 291 613
79 274 597 292 613
80 275 598 292 613
