211 -1 -1 -1 -1
0 640 496 658 514
1 641 497 656 512
2 642 497 656 511
3 642 497 656 511
4 643 497 656 510
5 642 497 656 511
6 642 496 656 510
7 642 495 657 510
8 642 497 656 511
9 643 496 656 509
10 642 497 656 511
11 642 496 656 510
12 642 495 657 510
13 642 496 656 510
14 643 496 656 509
15 642 497 656 511
16 641 496 656 511
17 642 497 656 511
18 642 496 656 510
19 642 495 657 510
20 642 496 656 510
21 643 496 656 509
22 642 497 656 511
23 642 496 656 510
24 642 495 657 510
25 642 496 656 510
26 643 496 656 509
27 642 497 656 511
28 642 496 656 510
29 642 495 657 510
30 642 496 656 510
31 643 496 656 509
32 642 497 656 511
33 642 496 656 510
34 642 495 657 510
35 642 496 656 510
36 643 496 656 509
37 642 497 656 511
38 642 496 656 510
39 642 495 657 510
40 641 495 658 512
41 642 497 656 511
42 641 495 656 510
43 630 526 645 541
44 631 526 646 541
45 630 526 645 541
46 630 526 645 541
47 631 527 646 542
48 631 526 646 541
49 631 527 645 541
50 631 526 646 541
51 632 527 646 541
52 631 527 646 542
53 631 527 646 542
54 632 527 647 542
55 632 528 646 542
56 631 527 646 542
57 631 528 645 542
58 631 527 646 542
59 632 528 646 542
60 631 527 646 542
61 631 528 645 542
62 631 528 645 542
63 631 527 646 542
64 631 528 645 542
65 631 527 645 541
66 631 527 646 542
67 631 528 645 542
68 631 527 646 542
69 632 528 646 542
70 631 528 645 542
71 631 527 645 541
72 631 527 646 542
73 631 528 645 542
74 631 527 645 541
75 631 527 646 542
76 631 528 645 542
77 631 527 645 541
78 631 527 646 542
79 631 528 645 542
80 631 528 645 542
81 631 527 646 542
82 631 528 645 542
83 631 528 645 542
84 631 527 645 541
85 631 527 646 542
86 632 528 646 542
87 632 528 646 542
88 631 527 645 541
89 631 527 646 542
90 632 528 646 542
91 632 528 646 542
92 631 527 645 541
93 631 527 646 542
94 632 528 646 542
95 631 528 645 542
96 631 528 645 542
97 632 527 646 541
98 631 527 646 542
99 631 528 645 542
100 631 528 645 542
101 632 528 646 542
102 631 527 645 541
103 631 527 646 542
104 632 528 646 542
105 631 528 645 542
106 631 528 645 542
107 632 528 646 542
108 631 527 645 541
109 631 527 646 542
110 632 528 646 542
111 632 528 646 542
112 631 528 645 542
113 631 528 645 542
114 632 528 646 542
115 631 527 645 541
116 631 527 646 542
117 632 528 646 542
118 632 528 646 542
119 631 528 645 542
120 631 528 645 542
121 632 528 646 542
122 631 528 645 542
123 631 527 645 541
124 632 527 646 541
125 631 528 645 542
126 631 528 645 542
127 632 528 646 542
128 631 527 645 541
129 632 527 646 541
130 631 527 645 541
131 631 528 645 542
132 632 528 646 542
133 631 528 645 542
134 631 527 645 541
135 632 527 646 541
136 631 527 645 541
137 631 528 645 542
138 632 528 646 542
139 631 528 645 542
140 631 528 645 542
141 632 528 646 542
142 631 527 645 541
143 631 527 645 541
144 632 527 646 541
145 631 528 645 542
146 631 528 645 542
147 632 528 646 542
148 631 528 645 542
149 631 528 645 542
150 632 527 646 541
151 631 527 645 541
152 631 527 645 541
153 632 527 646 541
154 631 527 646 542
155 631 528 645 542
156 634 507 648 521
157 624 498 638 512
158 624 497 639 512
159 624 467 639 482
160 624 466 639 481
161 625 467 639 481
162 623 466 638 481
163 624 466 639 481
164 624 467 638 481
165 624 467 637 480
166 624 467 638 481
167 624 467 637 480
168 625 468 637 480
169 624 467 636 479
170 625 469 636 480
171 626 469 637 480
172 626 469 637 480
173 626 468 637 479
174 626 469 637 480
175 625 469 636 480
176 626 469 637 480
177 626 468 637 479
178 626 469 637 480
179 626 469 637 480
180 625 469 636 480
181 625 468 636 479
182 625 469 636 480
183 626 469 637 480
184 626 468 637 479
185 626 469 637 480
186 626 469 637 480
187 625 469 636 480
188 625 468 636 479
189 625 469 636 480
190 626 469 637 480
191 626 469 637 480
192 626 468 637 479
193 626 469 637 480
194 626 469 637 480
195 625 468 635 478
196 626 469 637 480
197 626 469 637 480
198 625 469 636 480
199 625 469 636 480
200 625 468 636 479
201 626 469 637 480
202 626 469 637 480
203 626 468 637 479
204 626 469 637 480
205 625 469 636 480
206 625 469 636 480
207 625 468 636 479
208 626 469 637 480
209 626 469 637 480
210 626 468 637 479
