211 -1 -1 -1 -1
0 775 473 793 492
1 775 473 793 492
2 774 473 792 492
3 775 473 793 492
4 774 472 795 494
5 774 473 793 493
6 775 473 793 492
7 775 472 795 493
8 774 473 793 493
9 775 473 793 492
10 775 472 795 493
11 775 473 793 492
12 775 473 795 494
13 775 474 793 493
14 775 472 795 493
15 775 473 793 492
16 775 472 795 493
17 775 473 793 492
18 775 473 795 494
19 775 474 793 493
20 775 472 795 493
21 775 473 793 492
22 775 473 795 494
23 775 474 793 493
24 777 475 793 492
25 775 473 792 491
26 775 473 793 492
27 775 472 795 493
28 775 474 793 493
29 777 475 793 492
30 776 474 791 490
31 777 474 792 490
32 775 473 792 491
33 775 473 792 491
34 774 472 794 493
35 775 473 793 492
36 775 473 795 494
37 775 474 793 493
38 775 472 795 493
39 774 473 794 494
40 775 474 793 493
41 775 472 795 493
42 777 474 797 495
43 764 471 784 492
44 763 472 783 493
45 751 454 771 475
46 750 483 771 506
47 750 481 771 504
48 749 482 770 505
49 750 483 771 506
50 778 518 800 541
51 790 535 814 560
52 790 533 815 559
53 789 534 814 560
54 798 592 823 618
55 797 594 822 620
56 797 596 822 622
57 797 594 822 620
58 797 597 822 623
59 797 594 822 620
60 800 597 825 623
61 802 594 827 620
62 801 597 825 622
63 802 595 826 620
64 802 596 826 621
65 802 594 826 619
66 802 596 826 621
67 803 595 827 620
68 802 596 826 621
69 802 595 826 620
70 802 596 826 621
71 802 594 826 619
72 802 596 826 621
73 802 594 826 619
74 801 595 826 621
75 802 596 826 621
76 802 594 826 619
77 801 595 826 621
78 801 595 827 622
79 802 596 827 622
80 802 594 826 619
81 802 595 827 621
82 802 596 826 621
83 802 594 826 619
84 802 594 827 620
85 801 594 827 621
86 802 595 827 621
87 802 594 826 619
88 801 596 825 621
89 801 594 825 619
90 801 595 825 620
91 802 596 826 621
92 802 595 826 620
93 802 596 825 620
94 803 596 826 620
95 803 596 826 620
96 802 596 825 620
97 802 596 826 621
98 802 595 826 620
99 802 596 826 621
100 802 595 826 620
101 803 595 827 620
102 803 596 827 621
103 803 595 827 620
104 803 595 827 620
105 804 596 828 621
106 803 595 827 620
107 803 595 827 620
108 803 596 827 621
109 804 596 828 621
110 803 595 827 620
111 804 595 828 620
112 803 596 827 621
113 803 596 827 621
114 804 595 828 620
115 804 595 828 620
116 803 595 827 620
117 803 596 827 621
118 803 596 827 621
119 804 595 828 620
120 804 595 828 620
121 804 595 828 620
122 805 595 829 620
123 804 595 828 620
124 804 595 828 620
125 805 595 829 620
126 804 595 828 620
127 804 595 828 620
128 805 595 829 620
129 804 595 828 620
130 804 595 828 620
131 805 595 829 620
132 804 595 828 620
133 805 595 829 620
134 804 595 828 620
135 805 595 829 620
136 804 595 828 620
137 804 595 828 620
138 804 595 828 620
139 804 595 828 620
140 805 595 829 620
141 804 595 828 620
142 804 594 829 620
143 805 595 829 620
144 797 598 820 622
145 773 596 795 619
146 773 596 795 619
147 746 597 768 620
148 721 599 744 623
149 719 598 743 623
150 694 594 718 619
151 671 592 695 617
152 671 594 693 617
153 649 594 671 617
154 626 595 648 618
155 624 596 646 619
156 608 590 630 613
157 587 589 608 612
158 583 587 604 610
159 563 585 584 607
160 539 576 560 598
161 538 576 559 598
162 520 563 541 586
163 502 556 523 579
164 490 556 511 579
165 481 549 502 571
166 473 538 494 560
167 464 546 485 568
168 436 531 456 552
169 416 526 436 547
170 414 529 434 550
171 394 526 414 547
172 371 529 390 549
173 369 528 389 549
174 347 529 367 550
175 334 543 355 565
176 333 543 354 565
177 319 541 340 563
178 304 540 325 562
179 304 539 325 562
180 304 539 325 562
181 304 539 325 562
182 304 539 325 562
183 304 539 325 562
184 304 539 325 562
185 304 539 325 562
186 304 539 325 562
187 304 539 325 562
188 304 539 325 562
189 304 539 325 562
190 304 539 325 562
191 304 539 325 562
192 304 539 325 562
193 304 539 325 562
194 304 539 325 562
195 304 539 325 562
196 304 539 325 562
197 304 539 325 562
198 304 539 325 562
199 304 539 325 562
200 304 539 325 562
201 304 539 325 562
202 304 539 325 562
203 304 539 325 562
204 304 539 325 562
205 304 539 325 562
206 304 539 325 562
207 304 539 325 562
208 304 539 325 562
209 304 539 325 562
210 304 539 325 562
