210 -1 -1 -1 -1
0 632 522 648 542
1 632 522 647 541
2 632 522 648 542
3 632 522 648 542
4 632 522 648 542
5 632 522 648 542
6 632 522 648 542
7 632 522 648 542
8 632 521 648 541
9 632 522 648 542
10 632 522 648 542
11 632 522 648 542
12 632 522 648 542
13 632 522 648 542
14 632 521 648 541
15 632 522 648 542
16 632 522 648 542
17 632 522 648 542
18 632 522 648 542
19 632 522 648 542
20 651 526 667 546
21 668 528 684 548
22 670 529 686 549
23 688 532 702 550
24 705 535 719 553
25 705 535 719 553
26 736 539 749 556
27 754 542 767 559
28 754 543 767 560
29 770 545 783 561
30 785 548 797 564
31 786 548 798 564
32 817 554 830 571
33 834 556 847 573
34 835 555 848 571
35 849 557 862 574
36 866 560 879 577
37 866 561 879 578
38 898 567 910 583
39 915 569 927 585
40 915 569 927 585
41 931 570 944 586
42 943 574 955 590
43 943 574 956 590
44 943 574 955 590
45 945 575 957 591
46 945 574 957 590
47 941 575 953 591
48 937 574 948 589
49 936 573 948 589
50 929 574 940 589
51 924 573 936 589
52 925 575 936 590
53 920 574 931 588
54 916 574 927 588
55 916 573 927 587
56 910 572 921 586
57 910 572 921 586
58 911 573 921 587
59 904 573 915 587
60 903 572 913 586
61 904 572 914 586
62 894 570 905 584
63 890 570 901 584
64 890 570 900 584
65 888 570 898 584
66 885 570 895 584
67 885 571 895 585
68 879 568 890 582
69 875 568 886 582
70 875 568 886 582
71 872 567 883 581
72 869 567 879 581
73 870 568 880 582
74 865 566 875 580
75 864 567 874 581
76 863 567 873 581
77 860 566 870 579
78 859 566 869 579
79 857 565 868 579
80 853 564 864 578
81 851 564 862 578
82 850 564 861 579
83 848 564 859 579
84 846 564 857 578
85 846 564 856 578
86 843 564 853 578
87 840 563 850 577
88 840 563 850 577
89 838 563 848 576
90 836 563 846 576
91 836 563 846 576
92 833 562 843 576
93 830 561 840 575
94 830 561 840 575
95 828 561 838 575
96 826 560 837 575
97 826 560 837 575
98 823 560 834 575
99 821 559 834 575
100 820 559 832 575
101 819 559 832 575
102 817 558 829 574
103 817 558 830 575
104 814 556 829 575
105 813 556 828 575
106 812 557 826 575
107 811 556 825 574
108 811 557 824 573
109 811 557 823 573
110 808 557 820 573
111 807 556 820 572
112 807 556 820 572
113 806 556 819 572
114 804 555 817 571
115 804 556 817 572
116 802 555 815 571
117 801 555 814 571
118 802 556 814 572
119 801 556 814 572
120 800 555 813 572
121 800 555 813 572
122 798 555 812 573
123 797 554 811 572
124 797 554 811 572
125 797 554 811 572
126 796 554 810 572
127 796 555 809 571
128 796 555 808 571
129 795 555 808 571
130 795 554 808 570
131 794 554 807 570
132 794 554 807 570
133 795 556 806 571
134 794 555 806 571
135 794 555 806 571
136 794 555 806 571
137 794 555 806 571
138 794 555 806 571
139 794 555 806 571
140 794 555 806 571
141 794 555 806 571
142 794 555 806 571
143 794 555 806 571
144 794 555 806 571
145 793 555 805 571
146 793 555 805 571
147 793 555 805 571
148 794 555 806 571
149 794 555 806 571
150 794 555 806 571
151 793 555 805 571
152 793 555 805 571
153 793 555 805 571
154 793 555 804 570
155 794 554 806 570
156 794 554 806 570
157 794 554 806 570
158 793 554 805 570
159 793 554 805 570
160 793 554 805 570
161 793 556 805 572
162 793 555 804 570
163 794 555 806 571
164 794 555 806 571
165 794 555 806 571
166 793 555 805 571
167 793 555 805 571
168 793 555 805 571
169 793 555 804 570
170 794 555 806 571
171 794 554 806 570
172 794 554 806 570
173 793 554 805 570
174 793 554 805 570
175 793 556 805 572
176 793 555 805 571
177 793 555 804 570
178 794 555 806 571
179 794 555 806 571
180 794 555 806 571
181 793 555 805 571
182 793 555 805 571
183 793 556 804 571
184 794 555 806 571
185 794 555 806 571
186 794 555 806 571
187 794 555 806 571
188 793 555 805 571
189 793 555 805 571
190 793 555 805 571
191 793 555 804 570
192 794 555 806 571
193 794 555 806 571
194 794 555 806 571
195 794 555 806 571
196 794 555 806 571
197 793 555 805 571
198 793 555 805 571
199 793 555 805 571
200 793 555 804 570
201 794 555 806 571
202 794 555 806 571
203 794 555 806 571
204 793 555 805 571
205 793 555 805 571
206 794 555 806 571
207 793 555 805 571
208 793 555 805 571
209 793 555 804 570
