210 -1 -1 -1 -1
0 479 517 499 539
1 479 517 498 538
2 480 517 499 538
3 479 517 499 539
4 479 517 499 539
5 478 517 498 539
6 479 517 499 539
7 479 517 499 539
8 480 517 500 539
9 479 517 499 539
10 480 518 500 540
11 479 517 499 539
12 479 517 499 539
13 479 517 499 539
14 507 517 526 538
15 535 517 554 538
16 536 517 555 538
17 560 517 580 539
18 587 517 606 538
19 587 517 607 539
20 614 516 634 538
21 616 514 636 536
22 615 514 635 536
23 615 511 635 533
24 614 510 634 532
25 614 510 634 532
26 613 507 632 528
27 612 506 631 527
28 612 506 631 527
29 611 503 631 525
30 610 501 630 523
31 610 502 630 524
32 609 498 629 520
33 609 497 628 518
34 608 498 627 519
35 609 496 628 517
36 607 493 626 514
37 608 494 627 515
38 606 491 626 513
39 606 489 626 511
40 605 490 625 512
41 605 488 625 510
42 605 487 624 508
43 604 487 623 508
44 603 484 622 505
45 603 483 622 504
46 603 483 622 504
47 602 482 622 504
48 602 480 622 502
49 602 480 621 501
50 601 478 620 499
51 600 477 619 498
52 600 477 619 498
53 600 476 619 497
54 599 475 618 496
55 600 474 619 495
56 598 472 617 493
57 599 473 618 494
58 598 472 617 493
59 598 470 617 491
60 598 469 617 490
61 597 469 617 491
62 596 466 616 488
63 596 466 616 488
64 596 466 616 488
65 596 465 615 486
66 595 463 615 485
67 594 463 615 486
68 594 462 614 484
69 594 461 614 483
70 593 461 614 484
71 593 458 615 482
72 592 458 614 482
73 592 458 614 482
74 592 456 614 480
75 592 456 613 479
76 592 456 612 478
77 592 455 613 478
78 592 455 613 478
79 591 455 612 478
80 591 454 611 476
81 591 454 611 476
82 591 453 611 475
83 592 453 611 474
84 591 452 610 473
85 591 453 610 474
86 590 450 609 471
87 590 451 609 472
88 589 450 608 471
89 590 450 609 471
90 590 450 609 471
91 589 449 608 470
92 589 449 608 470
93 589 448 608 469
94 589 448 608 469
95 588 447 607 468
96 588 447 608 469
97 589 447 608 468
98 588 447 607 468
99 588 446 607 467
100 588 446 607 467
101 587 446 607 468
102 587 445 607 467
103 587 445 607 467
104 586 445 606 467
105 587 445 606 466
106 586 444 606 466
107 586 444 606 466
108 585 444 606 467
109 585 443 605 465
110 586 444 606 466
111 586 444 606 466
112 586 444 606 466
113 586 444 606 466
114 585 444 606 467
115 585 443 605 465
116 585 443 605 465
117 585 443 605 465
118 586 443 606 465
119 585 443 605 465
120 585 443 605 465
121 585 443 605 465
122 585 443 605 465
123 585 443 605 465
124 585 443 606 466
125 585 443 605 465
126 585 443 605 465
127 585 443 605 465
128 585 443 605 465
129 585 443 605 465
130 585 443 605 465
131 585 443 605 465
132 585 443 605 465
133 585 443 605 465
134 585 443 605 465
135 585 443 605 465
136 585 443 605 465
137 585 443 605 465
138 585 443 605 465
139 585 443 605 465
140 585 443 606 466
141 585 443 605 465
142 586 443 606 465
143 586 444 606 466
144 586 444 606 466
145 586 444 606 466
146 586 444 606 466
147 586 444 606 466
148 586 444 606 466
149 586 444 606 466
150 586 444 606 466
151 586 444 606 466
152 585 443 608 468
153 586 443 606 465
154 586 444 606 466
155 586 444 606 466
156 586 444 606 466
157 585 443 607 467
158 585 443 607 467
159 585 444 605 466
160 585 444 605 466
161 585 443 607 467
162 586 444 606 466
163 586 444 606 466
164 586 444 606 466
165 585 443 607 467
166 586 444 606 466
167 586 444 606 466
168 585 443 607 467
169 585 443 607 467
170 585 444 605 466
171 586 444 606 466
172 585 443 607 467
173 586 444 606 466
174 586 444 606 466
175 585 443 607 467
176 586 444 606 466
177 586 444 606 466
178 586 444 606 466
179 584 443 606 467
180 585 444 605 466
181 585 444 605 466
182 584 443 606 467
183 585 444 605 466
184 584 443 606 467
185 585 444 605 466
186 585 444 605 466
187 584 443 606 467
188 585 444 605 466
189 585 444 605 466
190 585 444 605 466
191 586 444 606 466
192 586 444 606 466
193 585 443 607 467
194 586 444 606 466
195 586 444 606 466
196 585 443 607 467
197 586 444 606 466
198 585 444 605 466
199 585 443 607 467
200 585 444 605 466
201 585 444 605 466
202 584 443 606 467
203 585 444 605 466
204 585 444 605 466
205 584 443 606 467
206 585 444 605 466
207 585 444 605 466
208 584 443 606 467
209 585 444 605 466
