302 -1 -1 -1 -1
0 650 140 666 158
1 650 140 666 158
2 650 140 666 158
3 650 140 666 158
4 650 140 666 158
5 652 141 665 156
6 650 140 665 157
7 652 141 667 158
8 651 141 666 158
9 651 141 666 158
10 650 140 666 158
11 650 139 667 158
12 651 142 666 159
13 650 141 665 158
14 651 142 666 159
15 651 142 666 159
16 650 141 665 158
17 651 141 666 158
18 651 141 666 158
19 651 141 666 158
20 650 141 665 158
21 651 141 666 158
22 651 141 666 158
23 650 140 665 157
24 652 142 667 159
25 651 141 666 158
26 651 141 666 158
27 651 141 666 158
28 650 140 666 158
29 650 140 667 159
30 651 142 666 159
31 650 141 666 159
32 651 141 666 158
33 651 141 666 158
34 650 140 666 158
35 650 140 667 159
36 651 142 666 159
37 650 141 666 159
38 651 141 666 158
39 650 141 666 159
40 651 141 666 158
41 651 141 665 157
42 650 141 665 158
43 651 141 666 158
44 651 141 665 157
45 650 141 665 158
46 651 141 666 158
47 650 140 666 158
48 650 140 667 159
49 651 142 666 159
50 650 141 666 159
51 651 141 666 158
52 651 141 666 158
53 650 140 666 158
54 650 140 666 158
55 650 140 666 158
56 651 140 666 157
57 651 141 666 158
58 651 141 666 158
59 651 141 666 158
60 651 141 666 158
61 651 141 666 158
62 652 141 667 158
63 652 141 667 158
64 652 141 667 158
65 652 141 667 158
66 653 142 666 157
67 651 141 666 158
68 652 141 667 158
69 652 141 667 158
70 653 142 666 157
71 652 141 667 158
72 652 141 667 158
73 651 140 667 158
74 651 141 666 158
75 652 141 667 158
76 652 141 667 158
77 651 140 667 158
78 651 141 666 158
79 652 141 667 158
80 652 141 667 158
81 653 141 666 156
82 652 141 667 158
83 651 141 667 159
84 651 141 666 158
85 652 141 667 158
86 652 141 667 158
87 653 141 666 156
88 652 141 667 158
89 652 141 667 158
90 652 141 667 158
91 653 141 666 156
92 652 141 667 158
93 652 141 667 158
94 652 141 667 158
95 652 141 667 158
96 652 141 667 158
97 652 141 667 158
98 652 141 667 158
99 652 141 667 158
100 652 141 667 158
101 652 141 667 158
102 652 141 667 158
103 652 141 667 158
104 648 145 663 162
105 645 152 660 169
106 644 153 659 170
107 641 158 656 175
108 638 165 653 182
109 638 165 653 182
110 632 177 647 194
111 629 184 644 201
112 629 183 644 200
113 625 190 640 207
114 621 197 636 214
115 621 196 637 214
116 631 204 647 222
117 631 204 647 222
118 631 205 646 222
119 631 205 646 222
120 631 205 646 222
121 631 206 646 223
122 631 205 646 222
123 632 206 647 223
124 631 206 646 223
125 631 205 646 222
126 631 206 646 223
127 632 206 647 223
128 631 205 646 222
129 631 206 646 223
130 631 205 646 222
131 632 206 647 223
132 631 205 646 222
133 631 206 646 223
134 631 205 646 222
135 631 205 646 222
136 632 206 647 223
137 631 205 646 222
138 631 206 646 223
139 631 205 646 222
140 632 206 647 223
141 631 205 646 222
142 631 206 646 223
143 631 205 646 222
144 631 206 646 223
145 632 205 647 222
146 631 205 646 222
147 631 206 646 223
148 631 205 646 222
149 632 206 647 223
150 631 205 646 222
151 631 206 646 223
152 631 206 646 223
153 631 205 646 222
154 632 206 647 223
155 631 205 646 222
156 631 206 646 223
157 631 205 646 222
158 632 206 647 223
159 631 206 646 223
160 631 205 646 222
161 631 206 646 223
162 631 205 646 222
163 632 206 647 223
164 631 205 646 222
165 631 206 646 223
166 631 206 646 223
167 632 205 647 222
168 631 206 646 223
169 631 205 646 222
170 631 206 646 223
171 631 205 646 222
172 632 206 647 223
173 631 206 646 223
174 631 205 646 222
175 631 206 646 223
176 632 205 647 222
177 631 206 646 223
178 631 205 646 222
179 631 206 646 223
180 632 206 647 223
181 631 205 646 222
182 631 206 646 223
183 631 206 646 223
184 632 206 646 222
185 631 205 646 222
186 631 206 646 223
187 631 206 646 223
188 632 206 647 223
189 631 205 646 222
190 631 206 646 223
191 631 206 646 223
192 632 206 646 222
193 631 205 646 222
194 631 206 646 223
195 631 205 646 222
196 632 206 647 223
197 631 206 646 223
198 631 205 646 222
199 631 206 646 223
200 632 206 647 223
201 631 205 646 222
202 631 206 646 223
203 631 206 646 223
204 630 204 648 224
205 631 205 647 223
206 631 205 646 222
207 631 206 646 223
208 631 206 646 223
209 631 205 646 222
210 632 206 647 223
211 631 206 646 223
212 632 206 647 223
213 631 205 646 222
214 631 206 646 223
215 632 206 647 223
216 631 205 646 222
217 631 206 646 223
218 632 206 647 223
219 631 205 646 222
220 631 206 646 223
221 632 206 647 223
222 631 205 646 222
223 631 206 646 223
224 632 206 647 223
225 631 205 646 222
226 631 206 646 223
227 632 206 647 223
228 631 205 646 222
229 631 206 646 223
230 632 206 647 223
231 631 205 646 222
232 631 206 646 223
233 631 206 646 223
234 633 206 646 221
235 631 205 646 222
236 631 206 646 223
237 631 205 646 222
238 632 206 647 223
239 631 205 646 222
240 632 206 647 223
241 631 205 646 222
242 632 206 647 223
243 631 205 646 222
244 631 206 646 223
245 632 206 647 223
246 631 205 646 222
247 632 206 647 223
248 631 205 646 222
249 632 206 647 223
250 631 205 646 222
251 632 206 647 223
252 631 205 646 222
253 632 206 647 223
254 631 205 646 222
255 632 206 647 223
256 633 206 646 221
257 632 206 647 223
258 632 206 647 223
259 631 205 646 222
260 632 206 647 223
261 631 205 646 222
262 632 206 647 223
263 632 206 647 223
264 633 206 646 221
265 632 206 647 223
266 633 207 646 222
267 632 206 647 223
268 631 205 646 222
269 632 206 647 223
270 631 205 646 222
271 631 206 646 223
272 632 206 647 223
273 631 205 646 222
274 631 206 646 223
275 631 206 646 223
276 632 206 647 223
277 631 205 646 222
278 631 206 646 223
279 631 205 646 222
280 632 206 647 223
281 631 206 646 223
282 631 205 646 222
283 632 206 647 223
284 631 206 646 223
285 631 205 646 222
286 631 206 646 223
287 632 206 647 223
288 631 205 646 222
289 631 206 646 223
290 631 206 646 223
291 632 206 647 223
292 631 205 646 222
293 631 206 646 223
294 631 206 646 223
295 631 205 647 223
296 631 205 646 222
297 631 206 646 223
298 631 206 646 223
299 632 206 647 223
300 631 205 646 222
301 631 206 646 223
