302 -1 -1 -1 -1
0 509 406 528 427
1 509 407 526 426
2 509 407 525 425
3 509 406 526 425
4 510 408 526 426
5 509 406 527 426
6 509 407 525 425
7 509 407 526 426
8 510 408 526 426
9 509 407 525 425
10 509 406 526 425
11 510 408 526 426
12 509 406 527 426
13 509 407 525 425
14 509 407 526 426
15 510 408 526 426
16 509 407 525 425
17 509 407 526 426
18 510 408 526 426
19 509 407 525 425
20 509 406 526 425
21 510 408 526 426
22 509 406 527 426
23 509 407 526 426
24 510 408 526 426
25 509 407 525 425
26 508 406 526 426
27 509 407 526 426
28 510 407 526 425
29 509 406 527 426
30 509 407 526 426
31 510 407 526 425
32 509 406 527 426
33 509 407 525 425
34 509 407 526 426
35 510 408 526 426
36 509 407 525 425
37 509 406 526 425
38 510 407 526 425
39 509 406 527 426
40 509 407 525 425
41 509 406 526 425
42 510 407 526 425
43 509 406 527 426
44 509 407 525 425
45 509 406 526 425
46 510 407 526 425
47 509 406 527 426
48 509 407 525 425
49 509 406 526 425
50 510 407 526 425
51 509 406 527 426
52 509 407 525 425
53 509 406 526 425
54 510 408 526 426
55 510 407 526 425
56 509 406 527 426
57 509 408 525 426
58 509 407 525 425
59 509 406 527 426
60 509 407 526 426
61 509 407 526 426
62 509 407 526 426
63 509 407 526 426
64 509 407 526 426
65 509 406 527 426
66 509 407 526 426
67 510 407 527 426
68 510 407 527 426
69 510 407 526 425
70 509 408 525 425
71 509 407 526 426
72 509 407 526 426
73 509 407 526 426
74 509 407 526 426
75 510 407 527 426
76 510 407 527 426
77 510 407 527 426
78 510 407 526 425
79 509 407 525 425
80 509 407 525 424
81 510 407 527 426
82 510 407 527 426
83 510 408 526 426
84 509 407 525 425
85 509 408 525 425
86 509 408 526 427
87 510 407 527 426
88 510 407 527 426
89 510 407 527 426
90 510 408 526 426
91 509 408 525 426
92 509 407 525 425
93 509 407 526 426
94 509 407 526 426
95 509 407 526 426
96 509 407 526 426
97 509 407 526 426
98 509 407 526 426
99 509 407 526 426
100 509 407 526 426
101 510 407 527 426
102 510 407 527 426
103 510 407 527 426
104 510 407 527 426
105 510 407 527 426
106 510 407 526 425
107 509 407 525 425
108 509 407 525 424
109 509 407 526 426
110 509 407 526 426
111 509 407 526 426
112 509 407 526 426
113 510 407 527 426
114 510 407 527 426
115 510 408 527 427
116 510 408 527 427
117 510 408 527 427
118 510 408 527 427
119 510 408 526 426
120 509 408 525 426
121 509 408 525 426
122 509 407 526 426
123 509 407 526 426
124 509 407 526 426
125 509 407 526 426
126 509 407 526 426
127 509 407 526 426
128 509 407 526 426
129 510 407 527 426
130 510 407 527 426
131 510 407 527 426
132 510 407 527 426
133 509 408 526 427
134 509 408 526 427
135 509 408 526 427
136 509 408 526 427
137 509 408 526 427
138 509 408 526 427
139 509 408 526 427
140 510 408 527 427
141 510 408 526 426
142 509 407 526 426
143 509 407 526 426
144 510 407 527 426
145 510 407 527 426
146 510 408 526 426
147 506 417 522 435
148 506 417 522 435
149 503 425 519 442
150 500 432 516 450
151 500 432 516 450
152 494 446 511 465
153 491 453 508 472
154 491 453 508 472
155 488 459 505 478
156 486 465 504 485
157 485 464 503 484
158 481 477 498 496
159 479 484 495 502
160 479 484 495 502
161 476 490 492 508
162 473 496 490 515
163 473 496 490 515
164 469 508 487 528
165 466 515 484 535
166 465 514 483 534
167 463 521 481 541
168 460 527 479 548
169 460 527 479 548
170 454 540 474 562
171 450 546 471 569
172 451 545 473 569
173 447 552 470 577
174 444 558 467 583
175 444 558 467 583
176 439 568 462 594
177 439 570 461 594
178 438 570 461 595
179 437 564 459 588
180 438 562 460 586
181 438 562 460 586
182 437 553 458 576
183 437 549 457 571
184 436 549 456 571
185 435 545 455 567
186 435 541 455 563
187 435 541 455 563
188 434 532 454 554
189 433 528 453 550
190 433 529 453 551
191 433 525 453 547
192 432 520 452 542
193 432 520 452 542
194 430 512 451 535
195 430 509 451 532
196 430 509 451 532
197 430 505 451 528
198 429 502 450 525
199 429 502 450 525
200 429 496 449 518
201 428 491 447 512
202 429 493 447 513
203 427 491 446 512
204 423 492 441 512
205 424 492 442 512
206 417 492 436 513
207 413 491 433 513
208 413 490 433 512
209 410 491 430 513
210 407 490 428 513
211 408 491 428 513
212 402 490 422 512
213 399 490 419 512
214 400 491 419 512
215 397 492 416 513
216 395 491 414 512
217 395 491 414 512
218 390 491 409 512
219 386 491 405 512
220 387 491 407 513
221 384 491 404 513
222 382 491 402 513
223 382 491 402 513
224 377 491 397 513
225 375 490 396 513
226 375 490 396 513
227 372 490 393 513
228 370 490 391 513
229 370 490 391 513
230 366 490 387 513
231 364 490 385 513
232 364 491 385 514
233 362 491 383 514
234 360 490 381 513
235 360 490 381 513
236 357 491 377 513
237 354 490 374 512
238 355 490 375 512
239 353 490 373 512
240 351 490 371 512
241 352 490 371 511
242 348 491 368 513
243 346 490 366 512
244 347 490 367 512
245 345 490 365 512
246 343 490 363 512
247 343 490 363 512
248 341 490 361 512
249 342 490 362 512
250 343 490 363 512
251 343 490 363 512
252 344 490 364 512
253 344 490 364 512
254 345 490 365 512
255 346 489 366 511
256 346 489 366 511
257 347 489 367 511
258 347 489 367 511
259 348 489 368 511
260 348 489 368 511
261 348 489 369 512
262 349 490 369 512
263 349 490 369 512
264 350 489 370 511
265 350 489 370 511
266 350 489 370 511
267 350 489 370 511
268 351 490 371 512
269 350 489 370 511
270 351 489 371 511
271 350 490 370 512
272 350 490 370 512
273 351 490 371 512
274 351 490 371 512
275 350 490 370 512
276 350 489 370 511
277 351 489 371 511
278 350 489 370 511
279 350 490 370 512
280 350 489 370 511
281 351 489 371 511
282 351 489 371 511
283 351 489 371 511
284 350 489 370 511
285 350 490 370 512
286 350 489 370 511
287 351 489 371 511
288 351 490 371 512
289 351 489 371 511
290 350 489 370 511
291 350 490 370 512
292 350 489 370 511
293 350 489 370 511
294 351 489 371 511
295 351 490 371 512
296 351 489 371 511
297 351 489 371 511
298 350 490 370 512
299 350 489 370 511
300 350 489 370 511
301 351 489 371 511
