212 -1 -1 -1 -1
0 668 485 689 509
1 668 485 689 509
2 668 485 689 509
3 668 485 689 509
4 667 485 688 509
5 667 485 688 509
6 667 485 688 509
7 667 485 688 509
8 667 485 688 509
9 667 485 688 509
10 667 485 688 509
11 667 485 688 509
12 667 485 688 509
13 667 485 688 509
14 668 485 689 509
15 668 485 689 509
16 668 485 689 509
17 668 485 689 509
18 668 485 689 509
19 668 485 689 509
20 668 485 689 509
21 668 485 689 509
22 668 485 689 509
23 668 485 689 509
24 668 485 689 509
25 668 485 689 509
26 668 485 689 509
27 668 485 689 509
28 668 485 689 509
29 668 485 689 509
30 668 485 689 509
31 668 485 689 509
32 668 485 689 509
33 668 485 689 509
34 668 485 689 509
35 668 485 689 509
36 668 485 689 509
37 668 485 689 509
38 668 485 689 509
39 668 485 689 509
40 668 485 689 509
41 668 485 689 509
42 668 484 689 508
43 669 487 687 508
44 667 485 687 508
45 667 484 687 507
46 668 486 688 509
47 668 485 688 508
48 668 485 688 508
49 668 485 688 508
50 668 485 688 508
51 668 485 688 508
52 668 485 688 508
53 668 485 688 508
54 668 485 688 508
55 668 485 688 508
56 668 485 688 508
57 668 485 688 508
58 669 486 687 507
59 668 485 688 508
60 668 486 688 509
61 668 486 688 509
62 668 485 688 508
63 668 485 688 508
64 668 485 688 508
65 668 485 688 508
66 668 485 688 508
67 668 485 688 508
68 668 485 688 508
69 669 486 687 507
70 667 485 687 508
71 667 485 687 508
72 667 484 687 507
73 667 486 687 509
74 667 485 687 508
75 667 485 687 508
76 667 485 687 508
77 645 492 664 514
78 632 495 652 518
79 632 496 652 519
80 620 498 640 521
81 598 503 618 526
82 597 503 617 526
83 588 506 608 529
84 578 509 599 533
85 578 509 598 532
86 567 511 587 534
87 548 517 567 539
88 548 517 568 540
89 537 521 556 543
90 527 524 545 545
91 526 522 546 545
92 517 526 537 549
93 497 532 516 554
94 496 532 516 555
95 486 535 506 558
96 475 537 495 560
97 474 534 496 559
98 466 539 486 562
99 445 543 466 567
100 444 544 464 567
101 433 547 453 570
102 423 549 443 572
103 423 549 443 572
104 413 552 433 575
105 393 558 413 581
106 393 558 413 581
107 383 561 403 584
108 373 563 393 586
109 373 564 392 586
110 363 566 382 588
111 342 570 362 593
112 343 570 363 593
113 332 573 352 596
114 321 576 341 599
115 321 576 341 599
116 310 581 329 603
117 303 601 322 623
118 302 602 321 624
119 301 602 320 624
120 300 602 319 624
121 299 602 318 624
122 301 602 320 624
123 300 603 318 624
124 299 601 317 622
125 300 601 319 623
