212 -1 -1 -1 -1
0 760 436 780 458
1 760 436 780 458
2 759 436 779 458
3 760 436 780 458
4 759 436 780 459
5 759 436 780 459
6 758 435 780 459
7 759 436 780 459
8 759 436 778 457
9 761 437 780 458
10 759 436 780 459
11 759 436 780 459
12 759 436 778 457
13 761 437 780 458
14 759 435 780 458
15 758 435 780 459
16 759 436 780 459
17 759 435 781 459
18 759 436 780 459
19 758 435 780 459
20 759 436 780 459
21 758 435 780 459
22 759 436 780 459
23 758 435 780 459
24 759 436 780 459
25 758 435 780 459
26 759 436 780 459
27 759 436 779 458
28 761 437 780 458
29 760 437 779 458
30 760 437 779 458
31 760 437 778 457
32 760 436 780 458
33 759 436 780 459
34 759 436 780 459
35 759 435 780 458
36 760 437 779 458
37 760 437 779 458
38 760 437 778 457
39 760 436 780 458
40 760 436 781 459
41 759 436 780 459
42 759 435 780 458
43 759 436 780 459
44 759 436 780 459
45 759 435 780 458
46 759 435 780 458
47 760 437 779 458
48 759 436 779 458
49 759 436 780 459
50 759 436 780 459
51 759 435 780 458
52 760 437 779 458
53 759 436 779 458
54 759 436 780 459
55 759 436 780 459
56 759 436 780 459
57 760 437 779 458
58 759 436 779 458
59 759 436 780 459
60 759 435 780 458
61 759 435 780 458
62 759 436 780 459
63 759 436 780 459
64 759 436 780 459
65 759 436 780 459
66 759 435 780 458
67 760 437 779 458
68 759 435 780 458
69 739 447 760 470
70 739 446 760 469
71 727 456 747 478
72 713 464 733 486
73 712 464 733 487
74 699 470 720 493
75 687 479 707 501
76 687 479 708 502
77 687 487 708 510
78 688 489 710 513
79 689 489 711 513
80 690 492 712 516
81 695 498 716 521
82 694 497 715 520
83 695 501 716 524
84 698 503 719 526
85 698 503 719 526
86 699 506 720 529
87 703 511 724 534
88 702 511 723 534
89 705 515 726 538
90 707 518 728 541
91 707 517 728 540
92 708 520 730 544
93 712 524 735 549
94 711 524 735 550
95 712 527 737 554
96 714 530 738 556
97 714 530 738 556
98 716 532 740 558
99 719 537 742 562
100 720 538 743 563
101 721 540 745 566
102 722 544 745 569
103 724 544 747 569
104 725 546 748 571
105 729 551 752 576
106 729 551 752 576
107 730 553 754 579
108 731 556 755 582
109 731 556 755 582
110 733 558 755 582
111 738 564 760 588
112 738 563 760 587
113 739 566 761 590
114 742 570 763 593
115 741 569 762 592
116 742 570 763 593
117 746 569 767 592
118 745 569 766 592
119 748 567 769 590
120 749 567 770 590
121 748 566 770 590
122 751 565 773 589
123 754 562 776 586
124 753 562 775 586
125 754 560 777 585
126 756 559 778 583
127 756 559 778 583
128 757 557 779 581
129 761 554 783 578
130 760 554 782 578
131 761 552 784 577
132 762 551 785 576
133 762 551 785 576
134 763 550 786 575
135 766 547 789 572
136 766 547 789 572
137 767 545 790 570
138 768 545 791 570
139 769 545 792 570
140 770 543 793 568
141 771 540 795 566
142 771 540 795 566
143 773 539 796 564
144 775 539 798 564
145 774 539 797 564
146 775 538 798 563
147 777 535 800 560
148 777 535 800 560
149 778 534 801 559
150 779 533 802 558
151 779 533 802 558
152 780 532 803 557
153 782 530 805 555
154 782 530 805 555
155 783 529 806 554
156 783 528 807 554
157 783 527 808 554
158 783 526 808 553
159 786 525 810 551
160 786 525 810 551
161 786 524 810 550
162 787 523 812 550
163 787 523 811 549
164 788 523 811 548
165 789 521 814 548
166 789 520 814 547
167 790 519 815 546
168 791 519 815 545
169 791 520 814 545
170 792 520 815 545
171 793 518 817 544
172 793 518 816 543
173 794 518 816 542
174 794 517 817 542
175 795 517 817 541
176 796 516 817 539
177 797 515 818 538
178 795 514 818 539
179 798 515 820 539
180 798 514 820 538
181 798 514 819 537
182 797 513 820 538
183 798 512 821 537
184 799 513 822 538
185 800 513 822 537
186 800 512 823 537
187 800 512 823 537
188 801 512 823 536
189 802 512 822 534
190 801 511 823 535
191 801 511 823 535
192 801 510 824 535
193 802 510 824 534
194 802 511 823 534
195 802 510 823 533
196 802 510 823 533
197 803 510 823 532
198 804 510 824 532
199 804 511 823 532
200 805 511 824 532
201 805 509 825 531
202 805 509 826 532
203 804 509 825 532
204 804 509 825 532
205 805 509 824 530
206 804 509 825 532
207 804 509 825 532
208 804 509 825 532
209 803 508 825 532
210 805 509 827 533
211 805 510 825 532
