331 -1 -1 -1 -1
0 523 559 545 583

1 522 559 544 583
2 523 559 545 583
3 523 560 544 583
4 521 531 541 553
5 516 489 537 512
6 511 448 532 471
7 513 423 534 446
8 513 421 536 446
9 521 416 544 441
10 530 416 553 441
11 539 414 562 439
12 547 410 570 435
13 556 407 577 430
14 556 408 577 431
15 562 402 585 427
16 568 398 592 424
17 575 394 598 419
18 581 390 604 415
19 587 385 611 411
20 587 384 612 411
21 594 380 618 406
22 599 376 623 402
23 606 372 630 398
24 612 367 637 394
25 618 363 642 389
26 619 363 643 389
27 625 359 648 384
28 631 356 652 379
29 639 352 660 375
30 644 349 665 372
31 650 344 671 367
32 650 344 671 367
33 655 340 676 363
34 661 336 682 359
35 667 333 688 356
36 671 328 692 351
37 678 324 699 347
38 678 324 699 347
39 682 320 704 344
40 688 316 710 340
41 693 312 716 337
42 698 308 721 333
43 703 304 726 329
44 703 304 726 329
45 708 301 731 326
46 713 297 736 322
47 718 294 741 319
48 723 290 746 315
49 728 287 750 311
50 729 288 751 312
51 734 284 757 309
52 738 280 760 304
53 743 277 766 302
54 747 273 770 298
55 752 270 775 295
56 752 271 774 295
57 757 267 779 291
58 762 264 783 287
59 766 262 788 286
60 771 258 793 282
61 776 255 797 278
62 776 255 797 278
63 780 252 801 275
64 784 249 805 272
65 788 245 810 269
66 793 242 814 265
67 797 240 818 263
68 796 240 818 264
69 801 237 823 261
70 805 233 827 257
71 809 231 830 254
72 813 228 834 251
73 817 226 838 249
74 817 225 838 248
75 821 223 843 247
76 824 220 846 244
77 828 217 850 241
78 832 214 854 238
79 837 211 858 234
80 836 211 858 235
81 840 208 862 232
82 843 206 865 230
83 847 204 869 228
84 851 201 873 225
85 854 198 876 222
86 854 198 876 222
87 857 195 879 219
88 862 193 883 216
89 865 191 887 215
90 869 188 890 211
91 872 186 893 209
92 872 186 893 209
93 876 184 897 207
94 879 181 900 204
95 882 179 903 202
96 885 177 906 200
97 888 174 909 197
98 888 174 909 197
99 892 172 913 195
100 895 170 916 193
101 898 167 919 190
102 901 164 921 186
103 901 163 922 186
104 902 163 923 186
105 899 162 920 185
106 896 160 917 183
107 895 158 916 181
108 893 156 914 179
109 891 155 912 178
110 890 155 912 179
111 889 153 911 177
112 886 152 908 176
113 884 150 906 174
114 882 148 905 173
115 880 146 901 169
116 881 147 902 170
117 879 146 900 169
118 877 144 898 167
119 875 142 896 165
120 873 140 895 164
121 871 139 892 162
122 872 139 893 162
123 869 138 891 162
124 868 136 890 160
125 866 135 888 159
126 864 134 886 158
127 863 132 885 156
128 863 133 884 156
129 861 131 882 154
130 860 130 879 151
131 858 129 878 151
132 856 128 877 151
133 854 126 875 149
134 856 127 875 148
135 854 126 873 147
136 852 124 872 146
137 851 124 870 145
138 849 122 867 141
139 849 122 867 141
140 848 121 867 142
141 847 120 865 140
142 845 118 864 139
143 844 117 862 137
144 842 116 861 137
145 840 115 860 137
146 840 115 860 137
147 839 114 859 136
148 838 113 858 135
149 836 112 857 135
150 834 110 855 133
151 832 109 854 133
152 833 110 854 133
153 832 109 852 131
154 831 108 851 130
155 830 107 851 130
156 828 106 849 129
157 827 104 848 127
158 828 105 847 126
159 826 104 846 126
160 826 103 846 125
161 825 102 845 124
162 823 101 844 124
163 822 100 842 122
164 823 101 842 122
165 822 99 842 121
166 820 98 840 120
167 819 98 839 120
168 818 97 838 119
169 817 96 838 119
170 817 96 837 118
171 817 96 836 117
172 815 95 835 117
173 814 94 835 117
174 814 93 834 115
175 813 93 833 115
176 813 93 833 115
177 813 94 831 114
178 812 91 830 111
179 811 91 829 111
180 810 90 828 109
181 810 90 828 110
182 809 90 827 110
183 808 88 828 110
184 807 88 827 110
185 807 87 828 110
186 806 86 825 107
187 805 86 824 107
188 805 86 823 106
189 804 86 823 107
190 804 85 823 106
191 804 85 822 105
192 802 84 821 105
193 803 84 821 104
194 802 84 820 104
195 801 83 820 104
196 801 83 821 105
197 800 82 820 104
198 801 82 821 104
199 799 81 819 103
200 798 81 819 104
201 799 81 820 104
202 797 80 818 103
203 797 79 819 103
204 797 80 818 103
205 797 80 816 101
206 796 79 816 101
207 796 79 816 101
208 796 78 817 101
209 796 78 816 100
210 795 78 815 100
211 795 78 815 100
212 795 77 816 100
213 794 77 814 99
214 795 77 815 99
215 794 77 814 99
216 794 76 815 99
217 794 76 814 98
218 793 76 813 98
219 793 77 813 99
220 793 76 813 98
221 793 76 813 98
222 793 76 812 97
223 793 76 812 97
224 793 76 812 97
225 792 75 812 97
226 792 75 812 97
227 792 75 813 98
228 790 74 811 97
229 792 74 813 97
230 792 75 811 96
231 792 75 811 96
232 792 75 811 96
233 792 75 811 96
234 791 74 810 95
235 791 74 811 96
236 792 74 812 96
237 791 74 812 97
238 791 74 811 96
239 791 74 812 97
240 791 74 811 96
241 792 74 812 96
242 791 74 811 96
243 790 73 812 97
244 791 74 811 96
245 791 74 811 96
246 790 74 811 97
247 791 74 811 96
248 791 74 811 96
249 790 74 811 97
250 792 74 812 96
251 790 74 811 97
252 791 74 811 96
253 791 74 811 96
254 790 73 812 97
255 791 74 811 96
256 791 74 811 96
257 790 74 811 97
258 791 74 811 96
259 792 74 812 96
260 790 73 812 97
261 791 74 811 96
262 792 74 812 96
263 791 74 811 96
264 790 74 811 97
265 791 74 811 96
266 791 74 811 96
267 790 73 812 97
268 791 74 812 97
269 791 74 811 96
270 791 74 811 96
271 791 74 811 96
272 792 74 812 96
273 792 74 812 96
274 791 74 811 96
275 791 74 811 96
276 792 74 812 96
277 792 74 812 96
278 790 73 812 97
279 791 74 811 96
280 792 74 812 96
281 792 74 812 96
282 791 74 811 96
283 791 74 811 96
284 792 74 812 96
285 792 74 812 96
286 791 74 811 96
287 790 74 811 97
288 792 74 812 96
289 792 74 812 96
290 791 74 811 96
291 791 74 811 96
292 792 74 812 96
293 792 74 812 96
294 791 74 811 96
295 790 74 811 97
296 792 74 812 96
297 792 74 812 96
298 791 74 811 96
299 791 74 811 96
300 792 74 812 96
301 792 74 812 96
302 792 74 812 96
303 790 73 812 97
304 791 74 811 96
305 792 74 812 96
306 792 74 812 96
307 791 74 811 96
308 791 74 811 96
309 792 74 812 96
310 792 74 812 96
311 790 73 812 97
312 791 74 811 96
313 791 74 811 96
314 792 74 812 96
315 792 74 812 96
316 791 74 811 96
317 790 73 812 97
318 791 74 811 96
319 792 74 812 96
320 792 74 812 96
321 792 74 812 96
322 792 74 812 96
323 791 74 811 96
324 791 74 811 96
325 791 74 811 96
326 791 74 812 97
327 791 74 811 96
328 791 74 811 96
329 792 74 812 96
330 792 74 812 96
