331 -1 -1 -1 -1
0 506 419 526 439

1 506 419 526 439
2 506 419 526 439
3 506 419 526 439
4 506 420 526 440
5 506 419 526 439
6 506 419 526 439
7 501 404 520 423
8 499 403 519 423
9 489 371 507 389
10 477 342 495 360
11 465 311 484 330
12 456 286 475 305
13 445 260 464 279
14 445 260 464 279
15 435 235 454 254
16 426 212 446 232
17 418 190 438 210
18 410 170 430 190
19 401 149 420 168
20 402 149 421 168
21 394 129 414 149
22 386 110 406 130
23 379 94 399 114
24 373 78 393 98
25 380 63 399 82
26 381 64 399 82
27 392 51 409 68
28 389 57 406 74
29 383 68 400 85
30 376 79 394 97
31 370 89 389 108
32 370 89 388 107
33 373 99 390 116
34 373 109 390 126
35 375 117 392 134
36 375 127 392 144
37 375 135 391 151
38 375 135 391 151
39 374 143 392 161
40 375 151 393 169
41 375 161 394 180
42 375 169 394 188
43 375 178 394 197
44 375 179 394 198
45 375 187 394 206
46 376 198 395 217
47 376 207 395 226
48 376 217 395 236
49 376 227 395 246
50 377 227 396 246
51 377 236 396 255
52 378 247 397 266
53 378 258 397 277
54 378 268 397 287
55 378 277 397 296
56 377 277 397 297
57 377 287 397 307
58 378 298 398 318
59 379 309 398 328
60 379 321 398 340
61 378 331 398 351
62 379 331 399 351
63 379 343 399 363
64 379 354 399 374
65 380 366 400 386
66 380 377 400 397
67 381 389 400 408
68 380 389 400 409
69 380 401 400 421
70 381 413 400 432
71 381 425 401 445
72 381 438 401 458
73 382 451 402 471
74 382 451 402 471
75 380 458 400 478
76 375 460 395 480
77 369 463 389 483
78 365 465 385 485
79 360 469 380 489
80 361 469 380 488
81 356 473 375 492
82 352 477 371 496
83 347 481 366 500
84 343 485 363 505
85 339 488 359 508
86 339 489 359 509
87 335 493 355 513
88 330 497 350 517
89 326 500 346 520
90 322 504 342 524
91 318 508 338 528
92 318 509 338 529
93 313 512 333 532
94 309 516 329 536
95 305 520 325 540
96 300 524 320 544
97 296 528 316 548
98 296 528 316 548
99 292 531 311 550
100 288 536 307 555
101 284 539 303 558
102 279 543 298 562
103 276 548 295 567
104 276 548 295 567
105 272 552 291 571
106 270 555 289 574
107 271 559 290 578
108 272 562 291 581
109 273 565 292 584
110 273 566 292 585
111 274 568 293 587
112 275 572 294 591
113 276 574 295 593
114 275 577 295 597
115 276 579 296 599
116 277 579 296 598
117 278 583 298 603
118 279 585 299 605
119 281 587 300 606
120 281 591 300 610
121 283 592 302 611
122 282 593 301 612
123 284 596 303 615
124 285 594 304 613
125 285 593 304 612
126 287 591 306 610
127 288 590 307 609
128 289 591 308 610
129 290 589 309 608
130 290 587 309 606
131 290 585 309 604
132 291 583 310 602
133 292 583 311 602
134 291 582 311 602
135 292 580 313 601
136 293 578 314 599
137 294 577 315 598
138 295 576 316 597
139 295 573 316 594
140 296 574 317 595
141 297 573 317 593
142 297 571 318 592
143 298 570 319 591
144 299 568 320 589
145 299 567 320 588
146 299 567 320 588
147 300 566 321 587
148 301 565 321 585
149 301 563 322 584
150 302 562 323 583
151 303 561 323 581
152 302 561 322 581
153 303 560 322 579
154 304 559 323 578
155 303 557 323 577
156 304 556 325 577
157 305 556 326 577
158 305 556 326 577
159 305 554 326 575
160 305 553 326 574
161 306 552 327 573
162 307 552 327 572
163 307 551 326 570
164 307 551 326 570
165 307 550 327 570
166 307 549 326 568
167 308 548 328 568
168 308 547 328 567
169 308 546 328 566
170 308 546 329 567
171 309 546 330 567
172 309 545 330 566
173 310 544 331 565
174 310 544 331 565
175 309 544 330 565
176 310 543 332 565
177 309 542 330 563
178 311 542 331 562
179 310 542 330 562
180 311 541 330 560
181 311 541 330 560
182 311 540 330 559
183 311 540 330 559
184 311 540 330 559
185 311 539 330 558
186 312 539 331 558
187 311 539 330 558
188 312 538 332 558
189 312 538 332 558
190 312 537 332 557
191 312 537 332 557
192 313 537 332 556
193 312 537 332 557
194 313 537 332 556
195 312 537 331 556
196 313 537 332 556
197 313 537 332 556
198 313 536 332 555
199 313 537 332 556
200 313 537 332 556
201 313 537 332 556
202 313 536 332 555
203 313 537 332 556
204 313 536 333 556
205 313 536 332 555
206 313 537 332 556
207 313 537 332 556
208 313 537 332 556
209 313 536 332 555
210 313 536 333 556
211 313 537 332 556
212 313 536 334 557
213 313 536 334 557
214 313 537 334 558
215 312 536 334 558
216 312 535 335 558
217 313 536 334 557
218 313 537 334 558
219 313 537 333 557
220 313 536 334 557
221 313 537 334 558
222 312 536 334 558
223 313 536 333 556
224 313 536 332 555
225 313 536 334 557
226 313 536 334 557
227 313 536 334 557
228 313 537 334 558
229 312 536 334 558
230 313 536 333 556
231 313 536 332 555
232 313 536 334 557
233 313 536 334 557
234 313 536 334 557
235 313 537 334 558
236 312 536 334 558
237 313 536 333 556
238 313 536 332 555
239 313 536 334 557
240 313 536 334 557
241 313 537 334 558
242 312 536 334 558
243 313 536 333 556
244 313 536 332 555
245 313 536 334 557
246 313 536 334 557
247 313 537 333 557
248 313 537 334 558
249 312 536 334 558
250 313 536 332 555
251 313 537 332 556
252 313 536 334 557
253 313 536 334 557
254 313 537 334 558
255 313 538 332 557
256 313 536 334 557
257 313 536 334 557
258 313 536 334 557
259 313 537 334 558
260 313 538 332 557
261 313 536 334 557
262 313 536 334 557
263 313 537 334 558
264 312 536 334 558
265 313 536 333 556
266 313 536 333 556
267 313 536 334 557
268 313 536 334 557
269 313 536 334 557
270 312 536 334 558
271 313 536 333 556
272 313 536 334 557
273 313 536 334 557
274 313 536 334 557
275 312 536 334 558
276 313 536 333 556
277 313 536 334 557
278 313 536 334 557
279 313 537 334 558
280 312 537 334 559
281 313 536 333 556
282 313 536 334 557
283 313 536 334 557
284 312 536 334 558
285 313 536 333 556
286 313 536 334 557
287 313 536 334 557
288 313 537 334 558
289 312 537 334 559
290 313 536 333 556
291 313 536 334 557
292 313 536 334 557
293 312 536 334 558
294 313 536 333 556
295 313 536 334 557
296 313 536 334 557
297 312 536 334 558
298 313 536 333 556
299 313 536 334 557
300 313 536 334 557
301 313 537 334 558
302 312 537 334 559
303 313 536 333 556
304 313 536 334 557
305 313 536 334 557
306 312 536 334 558
307 313 536 333 556
308 313 536 334 557
309 313 536 334 557
310 313 537 334 558
311 313 537 335 559
312 313 536 333 556
313 313 536 334 557
314 313 536 334 557
315 313 536 335 558
316 313 536 334 557
317 313 536 334 557
318 313 537 334 558
319 312 537 334 559
320 313 537 333 557
321 313 536 334 557
322 313 536 334 557
323 313 536 335 558
324 313 537 332 556
325 313 536 334 557
326 313 536 334 557
327 313 537 334 558
328 313 536 335 558
329 313 536 334 557
330 313 536 334 557
