216 -1 -1 -1 -1
0 474 270 493 291

1 474 270 493 291
2 473 270 492 291
3 474 270 493 291
4 474 270 493 291
5 474 270 493 291
6 473 269 493 291
7 474 270 493 291
8 473 269 493 291
9 474 269 493 290
10 474 270 493 291
11 473 270 493 292
12 474 270 493 291
13 474 270 493 291
14 473 269 493 291
15 474 270 493 291
16 474 270 493 291
17 473 270 493 292
18 474 270 493 291
19 473 270 493 292
20 474 270 493 291
21 473 269 493 291
22 474 270 493 291
23 474 270 493 291
24 473 270 493 292
25 474 270 493 291
26 473 270 493 292
27 474 270 493 291
28 474 270 493 291
29 473 270 493 292
30 474 270 493 291
31 474 270 493 291
32 473 269 493 291
33 474 270 493 291
34 474 270 493 291
35 473 269 493 291
36 473 269 493 291
37 473 269 493 291
38 473 270 493 292
39 473 269 493 291
40 473 269 493 291
41 474 270 493 291
42 473 270 493 292
43 473 270 493 292
44 473 269 493 291
45 473 269 493 291
46 473 269 493 291
47 473 270 493 292
48 473 269 493 291
49 473 269 493 291
50 473 269 493 291
51 474 270 493 291
52 473 270 493 292
53 473 270 493 292
54 473 270 493 292
55 473 269 493 291
56 473 269 493 291
57 473 270 493 292
58 473 270 493 292
59 473 269 493 291
60 473 269 493 291
61 473 269 493 291
62 473 270 493 292
63 474 270 493 291
64 488 269 507 290
65 508 269 528 291
66 509 268 530 291
67 529 269 550 292
68 548 268 570 292
69 565 268 588 293
70 583 268 606 293
71 601 267 624 293
72 602 267 625 293
73 609 267 632 293
74 611 269 633 293
75 615 270 635 292
76 618 269 638 291
77 622 269 642 291
78 622 269 642 291
79 626 269 646 291
80 630 269 651 292
81 634 269 655 292
82 638 270 658 292
83 642 269 662 291
84 642 269 662 291
85 646 269 665 290
86 650 270 669 291
87 654 270 673 291
88 658 270 677 291
89 661 270 681 292
90 661 269 681 291
91 665 270 685 292
92 668 269 687 290
93 672 270 691 291
94 676 270 695 291
95 679 270 698 291
96 679 269 699 291
97 682 269 701 290
98 686 270 705 291
99 689 270 708 291
100 693 269 712 290
101 696 270 715 291
102 695 270 715 292
103 698 269 718 291
104 701 269 721 291
105 705 269 725 291
106 707 269 727 291
107 710 269 730 291
108 710 268 731 291
109 714 270 734 292
110 716 269 737 292
111 720 270 740 292
112 722 269 742 291
113 725 269 745 291
114 725 269 745 291
115 728 269 748 291
116 731 269 751 291
117 733 269 753 291
118 736 269 756 291
119 739 269 759 291
120 738 269 758 291
121 742 270 761 291
122 744 270 763 291
123 747 270 766 291
124 749 270 768 291
125 751 270 770 291
126 752 270 771 291
127 753 270 773 292
128 756 269 775 290
129 758 270 777 291
130 760 269 780 291
131 761 270 781 292
132 762 269 782 291
133 764 269 784 291
134 767 269 787 291
135 768 269 788 291
136 770 269 790 291
137 773 269 793 291
138 772 269 792 291
139 775 270 794 291
140 776 270 795 291
141 778 270 797 291
142 780 270 799 291
143 782 270 801 291
144 782 270 801 291
145 783 270 802 291
146 785 270 804 291
147 786 270 805 291
148 789 270 808 291
149 789 270 809 292
150 789 269 809 291
151 790 270 810 292
152 792 269 812 291
153 794 270 813 291
154 795 270 814 291
155 796 270 815 291
156 796 270 815 291
157 798 270 817 291
158 799 270 818 291
159 800 270 819 291
160 801 270 820 291
161 802 270 821 291
162 802 270 821 291
163 803 271 822 292
164 804 271 822 291
165 804 270 823 291
166 806 270 825 291
167 807 270 826 291
168 807 270 826 291
169 807 270 827 292
170 807 270 827 292
171 808 269 828 291
172 809 269 829 291
173 809 269 829 291
174 810 270 829 291
175 810 269 830 291
176 811 269 831 291
177 812 270 831 291
178 812 270 831 291
179 812 269 832 291
180 813 270 832 291
181 813 270 832 291
182 813 270 832 291
183 814 270 833 291
184 813 269 833 291
185 814 270 833 291
186 814 270 833 291
187 813 270 832 291
188 814 270 833 291
189 814 270 833 291
190 814 270 833 291
191 814 270 833 291
192 814 270 833 291
193 814 270 833 291
194 814 269 833 290
195 814 270 833 291
196 814 270 833 291
197 814 270 833 291
198 814 270 833 291
199 814 270 833 291
200 814 270 833 291
201 814 270 833 291
202 814 270 833 291
203 813 269 833 291
204 814 269 833 290
205 813 269 833 291
206 814 269 833 290
207 813 269 833 291
208 814 269 833 290
209 813 270 833 292
210 814 270 833 291
211 813 269 833 291
212 813 268 834 291
213 814 270 833 291
214 814 270 833 291
215 813 270 833 292
