216 -1 -1 -1 -1
0 630 271 648 290

1 629 271 649 292
2 630 271 651 294
3 629 271 650 294
4 630 270 651 293
5 629 270 650 293
6 630 270 651 293
7 630 271 650 292
8 630 271 651 294
9 630 271 651 294
10 629 271 650 294
11 630 270 651 293
12 629 270 650 293
13 630 270 651 293
14 630 271 650 292
15 630 271 651 294
16 630 271 651 294
17 629 270 650 293
18 630 270 651 293
19 629 270 650 293
20 630 270 651 293
21 629 271 650 294
22 629 270 650 293
23 630 270 651 293
24 629 270 650 293
25 630 270 651 293
26 629 270 650 293
27 630 270 651 293
28 629 270 650 293
29 630 270 651 293
30 629 270 650 293
31 629 270 650 293
32 630 270 651 293
33 630 271 650 292
34 630 271 651 294
35 630 271 651 294
36 629 270 650 293
37 629 270 650 293
38 630 270 651 292
39 629 271 650 294
40 630 270 651 293
41 629 270 650 293
42 630 271 650 292
43 630 271 651 293
44 630 271 651 294
45 629 271 650 294
46 630 270 651 293
47 630 271 650 292
48 630 271 651 294
49 630 271 651 294
50 629 270 650 293
51 629 270 650 293
52 630 270 651 292
53 629 271 650 294
54 630 270 651 293
55 629 270 650 293
56 630 271 650 292
57 630 271 651 294
58 630 271 651 294
59 629 270 650 293
60 630 270 651 293
61 630 271 650 292
62 630 271 651 294
63 630 271 651 294
64 629 270 650 293
65 630 271 650 292
66 630 271 651 294
67 630 271 651 294
68 629 270 650 293
69 630 270 651 293
70 630 271 650 292
71 630 271 651 294
72 630 270 651 293
73 640 270 661 293
74 656 270 677 293
75 672 270 693 293
76 685 270 706 293
77 698 270 719 293
78 698 269 720 292
79 710 270 731 293
80 721 269 742 292
81 732 269 753 292
82 743 269 764 292
83 755 270 776 293
84 754 270 775 293
85 766 270 787 293
86 776 270 797 293
87 788 270 809 293
88 798 270 819 293
89 809 270 830 293
90 809 270 830 293
91 821 270 842 293
92 831 269 852 292
93 841 269 862 292
94 854 269 875 292
95 864 269 885 292
96 864 269 885 292
97 873 269 894 292
98 885 269 906 292
99 895 269 916 292
100 906 269 927 292
101 916 269 937 292
102 916 269 937 292
103 926 269 947 292
104 937 269 958 292
105 946 271 967 294
106 963 250 985 273
107 967 232 988 255
108 967 230 988 252
109 968 230 989 252
110 967 231 988 253
111 968 231 989 253
112 968 231 989 253
113 968 231 989 253
114 968 231 989 253
115 967 231 988 253
