151 -1 -1 -1 -1
0 986 597 1008 619

1 986 597 1008 619
2 986 597 1008 619
3 986 597 1008 619
4 986 597 1008 619
5 986 597 1008 619
6 986 597 1008 619
7 986 597 1008 619
8 986 597 1008 619
9 986 597 1008 619
10 986 597 1008 619
11 986 597 1008 619
12 986 597 1008 619
13 986 597 1008 619
14 986 597 1008 619
15 986 597 1008 619
16 986 597 1008 619
17 986 597 1008 619
18 986 597 1008 619
19 986 597 1008 619
20 986 597 1008 619
21 986 597 1008 619
22 986 597 1008 619
23 986 597 1008 619
24 986 597 1008 619
25 986 597 1008 619
26 986 597 1008 619
27 986 597 1008 619
28 986 597 1008 619
29 986 597 1008 619
30 986 597 1008 619
31 986 597 1008 619
32 987 597 1008 618
33 986 597 1008 619
34 985 596 1008 619
35 986 597 1008 619
36 985 596 1007 618
37 984 595 1009 620
38 986 596 1008 618
39 985 596 1007 618
40 984 594 1009 619
41 986 596 1008 618
42 985 596 1007 618
43 985 596 1008 619
44 986 596 1008 618
45 986 596 1008 618
46 985 596 1007 618
47 984 595 1009 620
48 986 596 1008 618
49 985 596 1007 618
50 985 596 1008 619
51 986 596 1008 618
52 994 599 1015 620
53 1020 607 1040 627
54 1035 616 1056 637
55 1063 624 1084 645
56 1063 625 1084 646
57 1063 625 1084 646
58 1062 624 1083 645
59 1063 625 1084 646
60 1063 625 1084 646
