151 -1 -1 -1 -1
0 443 264 465 287

1 442 263 464 286
2 442 263 465 287
3 443 263 466 287
4 442 263 466 288
5 441 262 466 288
6 441 263 466 289
7 441 262 466 288
8 441 262 466 288
9 441 262 466 288
10 441 263 466 289
11 441 262 466 288
12 439 261 467 290
13 440 261 469 291
14 439 260 470 292
15 438 260 470 293
16 447 264 482 300
17 468 276 503 312
18 488 290 522 325
19 506 300 542 337
20 506 300 543 339
21 524 311 562 351
22 541 322 579 362
23 558 332 597 373
24 575 344 614 385
25 590 353 632 396
26 590 353 632 396
27 606 363 647 405
28 621 372 664 417
29 638 383 679 425
30 653 392 696 437
31 668 402 712 448
32 668 401 712 447
33 684 412 728 458
34 701 422 745 468
35 718 433 761 478
36 734 443 778 489
37 750 452 797 501
38 750 452 797 501
39 765 462 812 511
40 785 474 829 520
41 800 484 847 533
42 818 495 864 542
43 835 506 881 553
44 836 507 879 552
45 852 517 898 564
46 870 528 916 575
47 888 539 934 586
48 907 552 950 597
49 925 563 969 609
50 924 562 970 609
51 942 574 986 620
52 951 584 997 631
53 946 587 993 636
54 941 586 988 635
55 936 580 984 630
56 937 581 984 630
57 936 579 979 624
58 930 574 976 621
59 928 571 975 620
60 929 570 972 615
61 927 568 970 613
62 925 567 971 614
63 924 563 971 612
64 922 561 969 610
65 923 561 966 606
66 920 557 966 604
67 917 554 963 601
68 918 555 962 601
69 917 552 963 599
70 915 549 961 596
71 913 547 960 596
72 911 544 961 595
73 911 542 957 589
74 911 542 957 589
75 909 540 955 587
76 908 538 954 585
77 907 536 951 582
78 905 535 951 582
79 904 532 950 579
80 904 532 950 579
81 903 530 949 577
82 901 527 948 576
83 901 526 948 575
84 900 524 947 573
85 898 521 946 571
86 897 520 945 570
87 897 519 944 568
88 895 516 945 567
89 893 515 941 565
90 893 514 939 561
91 891 512 939 562
92 892 513 938 560
93 890 510 937 559
94 890 509 937 558
95 887 506 937 557
96 884 503 935 556
97 885 503 933 553
98 886 504 933 553
99 884 502 932 552
100 883 500 931 550
101 881 498 931 549
102 880 496 928 546
103 881 496 928 545
104 880 495 930 546
105 880 495 926 542
106 879 494 925 541
107 878 491 925 540
108 876 489 926 540
109 876 488 923 537
110 875 488 923 538
111 874 486 922 536
112 873 485 923 536
113 872 483 920 533
114 871 482 919 532
115 871 481 919 531
116 872 482 918 529
117 870 481 917 530
118 869 480 916 529
119 869 478 917 528
120 867 477 915 527
121 867 476 915 526
122 866 475 914 525
123 866 474 914 524
124 865 473 913 523
125 865 472 913 522
126 863 471 913 522
127 863 470 910 519
128 862 469 910 519
129 862 470 909 519
130 862 469 910 519
131 861 468 908 517
132 860 467 908 517
133 860 465 908 515
134 859 464 907 514
135 860 465 906 512
136 858 464 905 513
137 858 464 905 513
138 857 462 905 512
139 856 461 904 511
140 855 460 905 511
141 856 460 903 509
142 855 460 903 510
143 855 459 903 509
144 853 458 903 509
145 855 459 899 505
146 854 459 900 506
147 854 458 900 505
148 854 458 897 503
149 853 456 900 505
150 853 456 899 503
