390 -1 -1 -1 -1
0 642 177 659 196

1 642 177 659 196
2 642 177 659 196
3 642 178 658 196
4 642 177 658 195
5 642 177 659 196
6 642 178 658 196
7 643 178 657 194
8 641 177 657 195
9 642 178 658 196
10 642 178 658 196
11 642 177 658 195
12 642 177 658 195
13 642 177 658 195
14 643 178 658 195
15 641 177 657 195
16 641 177 657 195
17 642 178 658 196
18 642 178 658 196
19 642 178 658 196
20 643 178 658 195
21 641 176 657 194
22 641 177 657 195
23 642 178 658 196
24 642 177 658 195
25 642 177 658 195
26 642 178 658 196
27 643 178 658 195
28 641 177 657 195
29 641 177 657 195
30 642 178 658 196
31 642 178 658 196
32 642 178 658 196
33 642 178 658 196
34 643 178 658 195
35 641 177 657 195
36 642 178 658 196
37 642 178 658 196
38 642 178 658 196
39 642 178 658 196
40 642 178 658 196
41 643 178 658 195
42 641 177 657 195
43 642 177 658 195
44 642 177 658 195
45 642 177 658 195
46 642 177 658 195
47 642 177 658 195
48 643 178 658 195
49 641 177 657 195
50 642 177 658 195
51 642 177 658 195
52 642 177 658 195
53 642 177 658 195
54 642 177 658 195
55 642 177 659 196
56 642 178 658 196
57 642 178 658 196
58 643 178 658 195
59 641 177 657 195
60 642 178 658 196
61 642 178 658 196
62 642 178 658 196
63 642 178 658 196
64 643 179 658 196
65 641 178 656 195
66 641 177 657 195
67 642 178 658 196
68 642 178 658 196
69 642 178 658 196
70 642 178 658 196
71 642 178 658 196
72 642 178 658 196
73 642 178 658 196
74 642 178 658 196
75 642 178 658 196
76 642 178 658 196
77 642 178 658 196
78 642 178 658 196
79 642 178 658 196
80 641 178 658 197
81 642 178 658 196
82 642 178 658 196
83 642 178 658 196
84 642 178 658 196
85 642 178 658 196
86 642 178 658 196
87 642 178 658 196
88 642 178 658 196
89 642 178 658 196
90 642 178 658 196
91 642 178 658 196
92 642 178 658 196
93 643 179 657 195
94 642 178 658 196
95 642 178 658 196
96 642 178 658 196
97 642 178 658 196
98 642 178 658 196
99 642 178 658 196
100 641 178 658 197
101 642 178 658 196
102 642 178 658 196
103 641 178 656 195
104 641 177 657 195
105 640 177 654 193
106 637 170 651 186
107 632 160 647 177
108 627 153 642 170
109 622 145 636 161
110 623 146 637 162
111 619 139 632 154
112 614 133 628 149
113 607 126 622 143
114 602 120 618 138
115 596 115 612 133
116 596 115 612 133
117 591 111 607 129
118 586 106 602 124
119 582 102 596 118
120 576 97 591 114
121 572 91 587 108
122 571 91 585 107
123 566 88 580 104
124 562 83 576 99
125 557 78 570 93
126 553 74 566 89
127 548 70 561 85
128 548 70 561 85
129 543 66 556 81
130 538 61 552 77
131 533 56 547 72
132 529 52 543 68
133 524 51 538 67
134 525 52 539 68
135 521 55 535 71
136 518 59 531 74
137 515 63 527 77
138 511 65 524 80
139 507 68 520 83
140 507 68 520 83
141 503 69 517 85
142 499 72 514 89
143 495 73 510 90
144 491 77 506 94
145 488 80 502 96
146 489 80 503 96
147 485 83 499 99
148 482 87 495 102
149 478 89 492 105
150 474 91 488 107
151 471 94 485 110
152 470 94 484 110
153 466 97 480 113
154 463 99 477 115
155 460 103 473 118
156 456 105 470 121
157 453 107 467 123
158 452 107 466 123
159 448 110 462 126
160 445 113 459 129
161 442 115 456 131
162 438 118 452 134
163 435 120 449 136
164 434 120 448 136
165 431 123 445 139
166 428 126 443 143
167 424 127 439 144
168 420 130 435 147
169 417 133 431 149
170 417 134 431 150
171 413 136 427 152
172 410 139 424 155
173 407 143 421 159
174 403 143 417 159
175 400 147 414 163
176 399 147 413 163
177 396 150 410 166
178 392 152 406 168
179 389 155 403 171
180 386 158 400 174
181 382 159 396 175
182 382 160 396 176
183 379 163 393 179
184 376 165 390 181
185 372 168 386 184
186 368 170 382 186
187 365 173 379 189
188 365 173 379 189
189 362 176 376 192
190 358 178 372 194
191 355 180 369 196
192 353 183 367 199
193 354 185 368 201
194 354 185 368 201
195 355 188 369 204
196 356 189 370 205
197 356 192 370 208
198 358 194 372 210
199 359 196 373 212
200 359 196 373 212
201 360 198 373 213
202 362 201 375 216
203 363 203 376 218
204 364 205 377 220
205 365 208 378 223
206 365 208 378 223
207 365 209 378 224
208 366 211 379 226
209 368 213 381 228
210 368 216 381 231
211 370 218 383 233
212 370 218 383 233
213 370 219 383 234
214 372 222 385 237
215 372 223 386 239
216 373 224 387 240
217 373 227 387 243
218 373 227 387 243
219 374 229 388 245
220 376 230 390 246
221 377 233 391 249
222 378 234 392 250
223 378 237 392 253
224 379 237 393 253
225 380 238 394 254
226 381 241 395 257
227 381 241 395 257
228 383 244 397 260
229 384 246 398 262
230 384 246 398 262
231 384 248 398 264
232 386 249 400 265
233 386 252 400 268
234 387 253 401 269
235 388 255 402 271
236 388 255 402 271
237 390 257 404 273
238 390 258 404 274
239 391 260 405 276
240 392 262 406 278
241 393 264 407 280
242 393 263 407 279
243 394 266 408 282
244 395 266 409 282
245 396 268 410 284
246 397 270 411 286
247 398 272 412 288
248 398 272 412 288
249 399 274 413 290
250 400 276 414 292
251 400 276 414 292
252 401 279 415 295
253 402 280 416 296
254 402 280 416 296
255 402 281 416 297
256 404 283 418 299
257 404 284 418 300
258 405 286 419 302
259 405 287 419 303
260 406 288 420 304
261 406 288 420 304
262 407 290 421 306
263 408 292 422 308
264 409 293 423 309
265 409 294 423 310
266 410 294 424 310
267 410 296 424 312
268 411 297 425 313
269 412 298 426 314
270 412 300 426 316
271 413 301 427 317
272 413 301 427 317
273 414 303 428 319
274 415 303 429 319
275 416 305 430 321
276 416 306 430 322
277 417 307 431 323
278 417 308 431 324
279 417 308 431 324
280 418 310 432 326
281 419 311 433 327
282 419 312 433 328
283 420 313 434 329
284 420 313 434 329
285 421 314 435 330
286 421 315 435 331
287 422 317 436 333
288 423 317 437 333
289 423 319 437 335
290 423 319 437 335
291 423 319 437 335
292 425 321 439 337
293 425 322 439 338
294 425 322 439 338
295 426 323 440 339
296 426 323 440 339
297 426 325 440 341
298 427 325 441 341
299 427 327 441 343
300 428 327 442 343
301 428 328 442 344
302 428 328 442 344
303 429 329 443 345
304 429 329 443 345
305 430 331 444 347
306 430 331 444 347
307 430 332 444 348
308 430 332 444 348
309 431 333 445 349
310 432 334 446 350
311 431 334 445 350
312 432 336 446 352
313 432 336 446 352
314 432 336 446 352
315 433 336 447 352
316 433 337 447 353
317 433 338 447 354
318 434 338 448 354
319 434 339 448 355
320 435 339 449 355
321 434 339 448 355
322 435 340 449 356
323 435 341 449 357
324 436 341 450 357
325 436 342 450 358
326 436 341 450 357
327 436 343 450 359
328 437 342 451 358
329 437 343 451 359
330 437 343 451 359
331 437 344 451 360
332 438 344 452 360
333 438 344 452 360
334 438 345 452 361
335 439 345 453 361
336 439 345 453 361
337 439 346 453 362
338 439 346 453 362
339 440 346 454 362
340 439 346 453 362
341 440 347 454 363
342 440 347 454 363
343 440 347 454 363
344 440 347 454 363
345 440 347 454 363
346 440 348 454 364
347 440 348 454 364
348 440 348 454 364
349 440 348 454 364
350 440 348 454 364
351 441 348 455 364
352 440 348 454 364
353 440 348 454 364
354 440 348 454 364
355 440 349 454 365
356 440 348 454 364
357 440 348 454 364
358 441 348 455 364
359 440 349 454 365
360 441 348 455 364
361 440 349 454 365
362 441 348 455 364
363 440 349 454 365
364 440 348 454 364
365 441 349 455 365
366 440 349 454 365
367 441 348 455 364
368 440 349 454 365
369 440 348 454 364
370 441 349 455 365
371 440 348 454 364
372 441 349 455 365
373 440 349 454 365
374 441 348 455 364
375 440 349 454 365
376 440 348 454 364
377 441 349 455 365
378 440 348 454 364
379 441 348 455 364
380 440 349 454 365
381 441 348 455 364
382 441 349 455 365
383 440 349 454 365
384 441 348 455 364
385 440 349 454 365
386 441 348 455 364
387 440 349 454 365
388 440 349 454 365
389 441 348 455 364
