390 -1 -1 -1 -1
0 792 588 815 610

1 791 588 814 610
2 791 588 814 610
3 791 588 814 610
4 791 588 814 610
5 792 588 815 610
6 792 588 815 610
7 791 588 814 610
8 791 588 814 610
9 791 588 814 610
10 791 588 814 610
11 791 588 814 610
12 792 588 815 610
13 792 589 815 611
14 791 588 814 610
15 791 588 814 610
16 791 588 814 610
17 791 588 814 610
18 791 588 814 610
19 792 589 815 611
20 792 588 815 610
21 791 588 814 610
22 791 588 814 610
23 791 588 814 610
24 791 588 814 610
25 791 588 814 610
26 792 589 815 611
27 792 588 815 610
28 792 588 815 610
29 791 588 814 610
30 791 588 814 610
31 791 588 814 610
32 791 589 814 611
33 791 588 814 610
34 792 589 815 611
35 792 588 815 610
36 792 588 815 610
37 792 589 815 611
38 792 588 815 610
39 791 588 814 610
40 791 589 814 611
41 791 588 814 610
42 791 588 814 610
43 791 589 814 611
44 791 588 814 610
45 791 588 814 610
46 791 589 814 611
47 792 588 815 610
48 792 589 815 611
49 792 588 815 610
50 792 588 815 610
51 792 589 815 611
52 792 588 815 610
53 792 588 815 610
54 791 589 814 611
55 791 588 814 610
56 791 588 814 610
57 791 588 814 610
58 791 589 814 611
59 791 588 814 610
60 791 588 814 610
61 791 588 814 610
62 791 589 814 611
63 791 588 814 610
64 791 588 814 610
65 791 589 814 611
66 791 588 814 610
67 791 588 814 610
68 791 588 815 611
69 792 588 815 610
70 788 576 810 597
71 781 558 803 579
72 774 540 796 561
73 768 523 790 544
74 768 523 790 544
75 761 507 783 528
76 755 490 777 511
77 750 473 772 494
78 744 458 767 480
79 738 443 761 465
80 738 442 761 464
81 732 427 755 449
82 728 413 751 435
83 721 399 744 421
84 717 384 740 406
85 712 371 735 393
86 712 371 735 393
87 707 357 730 379
88 702 344 725 366
89 697 332 719 353
90 692 318 714 339
91 688 306 710 327
92 688 306 711 328
93 683 294 706 316
94 679 282 702 304
95 675 270 698 292
96 671 259 694 281
97 666 247 689 269
98 666 247 689 269
99 662 236 685 258
100 659 226 682 248
101 654 214 677 236
102 651 203 674 225
103 646 194 669 216
104 647 193 670 215
105 642 183 665 205
106 645 183 668 205
107 648 182 671 204
108 648 180 671 202
109 650 179 673 201
110 650 179 673 201
111 650 176 673 198
112 652 173 675 195
113 653 170 676 192
114 653 168 676 190
115 654 165 677 187
116 654 166 676 187
117 655 163 677 184
118 656 161 678 182
119 656 158 678 179
120 657 156 679 177
121 658 153 680 174
122 658 153 680 174
123 658 152 680 173
124 659 149 681 170
125 659 147 681 168
126 659 144 681 165
127 660 142 682 163
128 660 142 682 163
129 661 140 683 161
130 662 138 684 159
131 663 136 685 157
132 663 133 685 154
133 663 131 685 152
134 663 131 686 153
135 665 130 688 152
136 664 127 686 148
137 666 126 688 147
138 669 126 691 147
139 671 125 693 146
140 671 126 693 147
141 672 123 694 144
142 673 124 695 145
143 675 123 697 144
144 677 123 700 145
145 679 122 702 144
146 679 122 701 143
147 680 121 703 143
148 682 121 705 143
149 682 120 705 142
150 685 119 708 141
151 686 119 709 141
152 686 119 709 141
153 687 118 710 140
154 690 117 713 139
155 690 117 713 139
156 692 117 715 139
157 692 116 715 138
158 693 116 716 138
159 694 116 717 138
160 695 116 718 138
161 697 115 719 136
162 698 114 721 136
163 699 114 721 135
164 699 114 721 135
165 701 113 723 134
166 701 112 724 134
167 702 112 725 134
168 703 112 726 134
169 704 111 727 133
170 704 111 727 133
171 706 111 729 133
172 706 111 729 133
173 707 111 730 133
174 708 110 731 132
175 709 109 732 131
176 709 109 732 131
177 710 110 732 131
178 711 108 733 129
179 712 108 734 129
180 713 109 735 130
181 714 108 736 129
182 713 108 735 129
183 713 108 735 129
184 715 108 737 129
185 715 108 737 129
186 715 106 738 128
187 716 106 740 129
188 716 106 740 129
189 717 107 740 129
190 719 107 742 129
191 718 105 743 129
192 719 106 741 127
193 719 106 741 127
194 718 105 741 127
195 721 106 743 127
196 720 105 742 126
197 721 106 743 127
198 723 107 743 126
199 723 105 742 123
200 723 107 741 125
201 723 105 742 123
202 724 106 743 124
203 724 107 742 125
204 724 105 742 123
205 724 106 743 124
206 724 106 744 125
207 724 105 745 125
208 725 106 745 125
209 725 105 744 123
210 726 106 744 124
211 725 104 744 122
212 726 106 744 124
213 725 105 744 123
214 727 106 745 124
215 727 106 745 123
216 727 107 745 124
217 727 107 745 124
218 727 107 745 124
219 727 107 745 124
220 727 107 745 124
221 727 107 745 124
222 727 106 745 123
223 727 106 745 123
224 727 106 745 123
225 727 106 745 123
226 727 107 745 124
227 727 107 745 124
228 727 107 745 124
229 727 107 745 124
230 727 107 745 124
231 727 107 745 124
232 727 107 745 124
233 727 107 745 124
234 727 107 745 124
235 727 107 745 124
236 726 107 744 124
237 728 107 746 124
238 727 107 745 124
239 727 107 745 124
240 727 106 745 123
241 727 107 745 124
242 727 107 745 124
243 727 107 745 124
244 727 107 745 124
245 727 107 745 124
246 727 107 745 124
247 727 107 745 124
248 727 107 745 124
249 727 107 745 124
250 727 107 745 124
251 727 107 745 124
252 727 107 745 124
253 727 107 745 124
254 727 107 745 124
255 727 107 745 124
256 727 107 745 124
257 727 106 745 123
258 727 107 745 124
259 727 107 745 124
260 727 107 745 124
261 727 107 745 124
262 727 107 745 124
263 727 107 745 124
264 727 107 745 124
265 727 107 745 124
266 727 107 745 124
267 727 107 745 124
268 727 107 745 124
269 727 107 745 124
270 727 107 745 124
271 727 107 745 124
272 727 107 745 124
273 726 107 744 124
274 727 107 745 124
275 727 107 745 124
276 727 107 745 124
277 727 107 745 124
278 727 107 745 124
279 727 107 745 124
280 727 107 745 124
281 727 107 745 124
282 727 107 745 124
283 727 107 745 124
284 727 107 745 124
285 727 106 745 123
286 727 106 745 123
287 727 106 745 123
288 727 106 745 123
289 727 106 745 123
290 727 106 745 123
291 726 107 744 124
292 727 107 745 124
293 727 107 745 124
294 727 107 745 124
295 727 106 745 123
296 727 106 745 123
297 727 106 745 123
298 727 106 745 123
299 727 106 745 123
300 727 106 745 123
301 727 106 745 123
302 727 106 745 123
303 727 106 745 123
304 727 106 745 123
305 727 106 745 123
306 727 106 745 123
307 727 105 746 123
308 726 106 744 124
309 727 106 745 123
310 727 106 745 123
311 727 106 745 123
312 727 106 745 123
313 727 106 745 123
314 727 106 745 123
315 727 106 745 123
316 727 106 745 123
317 727 105 746 123
318 726 105 745 123
319 727 106 745 123
320 727 106 745 123
321 727 106 745 123
322 727 106 746 124
323 726 106 745 124
324 727 106 745 123
325 727 106 745 123
326 727 106 745 123
327 727 106 745 123
328 727 105 746 123
329 725 104 746 124
330 726 105 746 124
331 725 105 744 123
332 727 106 745 123
333 727 106 745 123
334 727 107 745 124
335 727 106 745 123
336 727 106 746 124
337 726 106 744 123
338 727 106 745 123
339 727 106 745 123
340 727 106 745 123
341 727 106 745 123
342 727 106 746 124
343 726 106 744 123
344 727 106 745 123
345 727 106 745 123
346 727 106 745 123
347 727 106 745 123
348 727 105 746 123
349 726 106 744 123
350 727 107 745 124
351 727 106 745 123
352 727 106 745 123
353 727 106 745 123
354 727 105 746 123
355 726 106 744 123
356 727 106 745 123
357 727 106 745 123
358 727 106 745 123
359 727 106 745 123
360 727 106 746 124
361 726 106 744 123
362 727 106 745 123
363 727 106 745 123
364 727 106 745 123
365 727 106 745 123
366 727 106 745 123
367 727 105 746 123
368 726 105 745 123
369 727 106 745 123
370 727 106 746 124
371 727 107 745 124
372 727 106 745 123
373 727 106 745 123
374 727 106 745 123
375 727 106 745 123
376 727 106 745 123
377 727 105 746 123
378 727 106 745 123
379 727 106 745 123
380 727 106 745 123
381 727 106 745 123
382 727 106 745 123
383 727 106 746 124
384 726 107 744 124
385 727 106 745 123
386 727 106 745 123
387 727 106 745 123
388 727 106 745 123
389 727 106 745 123
