256 -1 -1 -1 -1
0 806 161 829 183
1 805 160 829 183
2 805 161 828 183
3 807 163 827 182
4 805 161 827 182
5 805 161 827 182
6 805 161 827 182
7 805 161 827 182
8 805 161 827 182
9 806 162 826 181
10 807 162 827 181
11 805 161 827 182
12 805 161 827 182
13 805 161 827 182
14 805 161 827 182
15 804 160 828 183
16 806 160 830 183
17 805 160 829 183
18 806 162 828 183
19 804 159 829 183
20 805 161 828 183
21 806 161 828 182
22 806 161 828 182
23 806 161 828 182
24 805 161 827 182
25 805 161 827 182
26 805 161 827 182
27 805 161 827 182
28 805 161 827 182
29 804 160 828 183
30 806 161 830 184
31 804 160 830 185
32 805 161 828 183
33 806 161 829 183
34 804 160 830 185
35 805 160 829 183
36 806 161 828 182
37 806 161 828 182
38 806 161 828 182
39 806 161 828 182
40 805 161 827 182
41 807 163 827 182
42 805 161 827 182
43 805 161 827 182
44 805 161 827 182
45 805 161 827 182
46 805 161 828 183
47 806 161 829 183
48 807 162 829 183
49 806 161 828 182
50 807 161 829 182
51 810 153 832 174
52 812 154 832 173
53 819 143 839 162
54 826 132 846 151
55 833 121 852 139
56 840 112 859 130
57 845 102 865 121
58 845 101 865 120
59 852 92 871 110
60 857 85 875 102
61 863 77 881 94
62 868 69 886 87
63 872 61 890 78
64 873 61 891 78
65 877 55 895 72
