256 -1 -1 -1 -1
0 373 266 394 292
1 373 266 394 292
2 373 266 393 291
3 373 266 394 292
4 374 267 394 292
5 373 267 394 293
6 373 267 393 292
7 373 267 394 293
8 374 267 393 291
9 373 266 393 291
10 374 267 394 292
11 374 268 392 291
12 373 266 393 291
13 372 266 393 292
14 374 268 394 293
15 374 268 393 292
16 374 268 392 291
17 374 267 393 291
18 374 268 392 291
19 373 266 393 291
20 374 267 394 292
21 374 268 392 291
22 373 266 393 291
23 374 267 394 292
24 374 268 392 291
25 374 267 393 291
26 374 268 392 291
27 373 266 393 291
28 374 267 394 292
29 374 268 392 291
30 373 267 393 292
31 374 268 393 292
32 373 266 393 291
33 374 267 394 292
34 374 268 392 291
35 373 267 393 292
36 374 268 393 292
37 373 266 393 291
38 373 267 393 292
39 375 265 395 290
40 376 263 397 289
41 425 251 447 278
42 476 240 499 268
43 525 228 548 256
44 572 217 595 245
45 616 207 639 235
46 617 205 641 234
47 659 196 683 225
48 703 185 727 214
49 743 176 767 205
50 785 165 809 194
51 822 164 846 193
52 823 163 849 194
53 855 167 880 197
54 888 170 911 198
55 878 175 900 202
56 861 182 883 209
57 845 188 868 216
58 844 187 867 215
59 829 192 852 220
60 816 198 839 226
61 802 203 825 231
62 789 208 812 236
63 778 213 801 241
64 778 213 801 241
65 766 217 790 246
66 757 221 780 249
67 749 226 772 254
68 742 230 764 257
69 736 233 758 260
70 736 233 758 260
71 730 236 753 264
72 726 240 747 266
73 723 242 744 268
74 719 246 739 271
75 714 247 734 272
76 714 248 734 273
77 710 250 730 275
78 706 253 726 278
79 703 257 723 282
80 700 260 719 284
81 696 263 715 287
82 696 263 715 287
83 693 265 712 289
84 689 268 708 292
85 685 271 703 294
86 681 273 699 296
87 677 276 695 299
88 677 276 695 299
89 673 278 692 302
90 670 282 689 306
91 666 284 685 308
92 661 287 680 311
93 658 290 677 314
94 658 290 677 314
95 654 292 673 316
96 650 295 669 319
97 647 297 666 321
98 643 300 663 325
99 638 301 658 326
100 638 301 659 327
101 635 305 655 330
102 631 306 651 331
103 627 309 647 334
104 623 311 644 337
105 619 314 640 340
106 619 313 641 340
107 615 317 637 344
108 612 320 633 346
109 608 321 630 348
110 605 325 626 351
111 601 327 621 352
112 601 326 621 351
113 597 329 617 354
114 594 332 614 357
115 590 333 610 358
116 586 337 606 362
117 583 338 603 363
118 583 338 603 363
119 579 341 599 366
120 576 345 596 370
121 573 348 593 373
122 569 350 589 375
123 565 352 585 377
124 565 352 585 377
125 562 355 582 380
126 559 357 579 382
127 556 359 576 384
128 552 361 572 386
129 549 364 569 389
130 549 364 569 389
131 545 366 565 391
132 542 368 562 393
133 539 370 559 395
134 535 373 555 398
135 532 375 552 400
136 532 375 552 400
137 529 377 549 402
138 525 380 545 405
139 521 380 541 405
140 517 383 537 408
141 514 386 534 411
142 514 385 534 410
143 511 388 531 413
144 508 389 528 414
145 505 393 525 418
146 502 393 522 418
147 502 394 522 419
148 498 396 518 421
149 498 396 518 421
150 496 398 516 423
151 492 400 512 425
152 489 402 509 427
153 486 404 506 429
154 483 407 503 432
155 483 406 503 431
156 480 409 500 434
157 477 411 497 436
158 474 412 494 437
159 471 415 491 440
160 467 416 487 441
161 468 416 488 441
162 465 419 485 444
163 462 420 482 445
164 459 423 479 448
165 456 424 476 449
166 453 426 473 451
167 453 427 473 452
168 450 428 470 453
169 448 430 468 455
170 445 431 465 456
171 442 434 462 459
172 439 436 459 461
173 439 435 459 460
174 436 438 456 463
175 433 439 453 464
176 430 442 450 467
177 427 442 447 467
178 425 445 445 470
179 425 445 445 470
180 422 447 442 472
181 421 448 441 473
182 417 449 437 474
183 415 452 435 477
184 412 453 432 478
185 412 453 432 478
186 410 456 430 481
187 407 456 427 481
188 404 458 424 483
189 401 460 421 485
190 400 461 420 486
191 400 461 420 486
192 398 464 418 489
193 395 464 415 489
194 392 466 412 491
195 390 467 410 492
196 388 469 408 494
197 385 470 405 495
198 384 472 404 497
199 381 473 401 498
200 379 474 399 499
201 376 476 396 501
202 376 477 396 502
203 374 477 394 502
204 373 479 393 504
205 370 480 390 505
206 367 481 387 506
207 366 483 386 508
208 366 483 386 508
209 365 483 385 508
210 362 486 382 511
211 360 486 380 511
212 359 488 379 513
213 357 488 377 513
214 357 489 377 514
215 355 489 375 514
216 352 492 372 517
217 351 492 371 517
218 350 493 370 518
219 348 494 368 519
220 347 494 367 519
221 346 495 366 520
222 345 496 365 521
223 343 497 363 522
224 341 498 361 523
225 339 499 359 524
226 339 499 359 524
227 338 501 358 526
228 337 500 358 526
229 334 502 355 528
230 334 503 355 529
231 332 504 353 530
232 332 504 353 530
233 331 505 352 531
234 329 505 350 531
235 329 506 350 532
236 326 507 347 533
237 326 507 348 534
238 325 507 347 534
239 325 508 346 534
240 324 509 345 535
241 323 510 343 535
242 322 510 343 536
243 320 511 341 537
244 321 511 342 537
245 320 512 340 537
246 320 512 340 537
247 319 512 339 537
248 317 513 338 539
249 317 513 338 539
250 316 514 338 541
251 316 514 337 540
252 315 514 337 541
253 314 515 336 542
254 346 497 368 524
255 341 493 363 520
