236 -1 -1 -1 -1
0 737 473 759 495

1 737 473 759 495
2 737 473 759 495
3 737 473 759 495
4 738 475 756 493
5 738 475 756 493
6 737 473 758 494
7 737 473 758 494
8 736 473 757 494
9 737 473 758 494
10 736 473 757 494
11 737 473 758 494
12 736 473 757 494
13 737 473 758 494
14 736 473 757 494
15 737 473 758 494
16 736 473 757 494
17 737 473 758 494
18 736 473 757 494
19 737 473 758 494
20 736 473 757 494
21 737 473 758 494
22 736 473 757 494
23 737 473 758 494
24 736 473 757 494
25 737 473 758 494
26 736 473 757 494
27 737 473 758 494
28 736 473 757 494
29 737 473 758 494
30 736 473 757 494
31 737 473 758 494
32 737 473 758 494
33 736 473 757 494
34 737 473 758 494
35 736 473 757 494
36 737 473 758 494
37 737 473 758 494
38 736 473 757 494
39 737 473 758 494
40 737 473 758 494
41 736 473 757 494
42 737 473 758 494
43 736 473 757 494
44 737 473 758 494
45 737 473 758 494
46 739 472 760 493
47 759 469 780 490
48 759 469 780 490
49 778 465 799 486
50 796 461 817 482
51 812 459 833 480
52 829 455 850 476
53 844 453 864 473
54 844 454 864 474
55 859 451 879 471
56 872 447 893 468
57 884 445 905 466
58 898 443 919 464
59 912 441 932 461
60 911 441 930 460
61 925 439 943 457
62 937 436 956 455
63 950 433 970 453
64 963 431 982 450
65 975 429 994 448
66 976 430 995 449
67 968 428 988 448
68 957 425 976 444
69 947 423 968 444
70 938 421 959 442
71 931 420 952 441
72 931 420 951 440
73 924 417 943 436
74 917 417 936 436
75 910 414 929 433
76 902 412 922 432
77 896 411 914 429
78 895 410 914 429
79 889 410 908 429
80 882 408 901 427
81 875 406 894 425
82 869 403 888 422
83 861 401 882 422
84 854 399 875 420
85 853 398 874 419
86 847 397 868 418
87 840 395 862 417
88 833 393 857 417
89 827 391 851 415
90 821 391 843 413
91 822 391 843 412
92 815 389 836 410
93 809 386 830 407
94 803 386 824 407
95 797 384 818 405
96 790 382 811 403
97 791 383 811 403
98 785 382 804 401
99 781 381 800 400
100 775 379 794 398
101 768 377 788 397
102 762 375 783 396
103 762 375 783 396
104 757 374 777 394
105 751 373 770 392
106 747 372 765 390
107 739 369 760 390
108 734 368 755 389
109 733 366 755 388
110 728 365 751 388
111 722 364 745 387
112 718 362 741 385
113 713 362 734 383
114 707 360 728 381
115 707 361 728 382
116 703 360 724 381
117 697 357 719 379
118 691 354 714 377
119 686 354 710 378
120 681 353 705 377
121 682 353 705 376
122 677 352 698 373
123 672 351 693 372
124 667 349 689 371
125 663 349 684 370
126 659 349 679 369
127 659 348 679 368
128 654 346 674 366
129 650 345 669 364
130 645 345 665 365
131 640 342 660 362
132 636 342 655 361
133 636 342 656 362
134 631 340 651 360
135 627 340 646 359
136 624 340 643 359
137 620 339 639 358
138 615 337 634 356
139 615 337 634 356
140 611 336 630 355
141 606 334 625 353
142 603 334 622 353
143 598 332 618 352
144 594 331 614 351
145 594 331 614 351
146 589 329 610 350
147 586 329 606 349
148 582 327 603 348
149 578 327 599 348
150 574 326 595 347
151 574 325 595 346
152 571 325 592 346
153 567 324 588 345
154 567 324 588 345
155 567 324 587 344
156 566 323 586 343
157 565 323 586 344
158 565 323 586 344
159 565 323 586 344
160 564 323 585 344
161 564 323 584 343
162 563 322 584 343
163 563 322 584 343
164 563 322 584 343
165 563 322 583 342
166 563 322 583 342
167 562 321 582 341
168 562 321 582 341
169 562 321 582 341
170 562 321 582 341
171 562 321 582 341
172 561 322 581 342
173 562 322 582 342
174 561 321 581 341
175 562 321 582 341
176 561 322 581 342
177 561 322 581 342
178 561 321 581 341
179 561 322 581 342
180 561 322 581 342
181 561 322 581 342
182 561 322 581 342
183 561 321 581 341
184 561 321 581 341
185 561 321 581 341
186 561 322 581 342
187 561 322 581 342
188 561 322 581 342
189 561 322 581 342
190 561 321 581 341
191 561 321 581 341
192 561 322 581 342
193 561 322 581 342
194 561 322 581 342
195 562 322 582 342
196 561 321 581 341
197 561 321 581 341
198 560 321 581 342
199 560 321 583 344
200 560 321 582 343
201 561 321 582 342
202 561 322 582 343
203 560 321 583 344
204 560 321 582 343
205 561 322 582 343
206 560 321 583 344
207 560 321 582 343
208 561 321 582 342
209 562 322 583 343
210 560 321 583 344
211 561 321 583 343
212 561 321 583 343
213 560 321 582 343
214 560 321 582 343
215 561 322 582 343
216 561 321 583 343
217 561 320 583 342
218 560 321 582 343
219 561 321 582 342
220 561 321 582 342
221 561 321 582 342
222 561 321 582 342
223 561 322 582 343
224 561 322 583 344
225 560 321 582 343
226 561 321 582 342
227 561 321 583 343
228 560 320 582 342
229 560 320 582 342
230 561 321 582 342
231 561 321 582 342
232 561 321 582 342
233 561 322 582 343
234 561 321 583 343
235 560 321 582 343
