236 -1 -1 -1 -1
0 491 589 514 612

1 490 589 513 612
2 490 588 513 611
3 490 588 513 611
4 490 588 513 611
5 491 589 514 612
6 490 589 513 612
7 490 588 513 611
8 490 588 513 611
9 490 588 513 611
10 490 589 513 612
11 490 589 513 612
12 490 588 513 611
13 490 588 513 611
14 490 588 513 611
15 490 589 512 611
16 491 589 514 612
17 490 588 513 611
18 490 588 513 611
19 490 588 513 611
20 490 588 513 611
21 490 589 512 611
22 491 589 514 612
23 490 588 513 611
24 490 588 513 611
25 490 588 513 611
26 490 588 513 611
27 490 588 513 611
28 490 588 513 611
29 490 589 512 611
30 491 589 514 612
31 492 590 513 611
32 504 582 525 603
33 523 573 545 595
34 541 564 563 586
35 560 554 582 576
36 560 554 583 577
37 577 546 600 569
38 595 537 618 560
39 615 526 638 549
40 632 519 655 542
41 649 510 672 533
42 650 510 673 533
43 667 501 689 523
44 684 493 704 513
45 702 485 722 505
46 716 476 736 496
47 713 472 732 491
48 714 471 734 491
49 711 468 730 487
50 711 463 730 482
51 711 457 730 476
52 711 452 730 471
53 714 447 733 466
54 713 447 733 467
55 713 441 733 461
56 714 436 734 456
57 715 432 736 453
58 716 426 737 447
59 718 421 738 441
60 718 421 738 441
61 720 417 740 437
62 720 412 740 432
63 721 407 741 427
64 723 402 743 422
65 724 397 745 418
66 723 396 744 417
67 724 392 745 413
68 725 387 745 407
69 727 383 747 403
70 728 379 748 399
71 729 374 749 394
72 729 374 749 394
73 730 370 750 390
74 731 365 751 385
75 732 361 752 381
76 733 356 753 376
77 734 351 755 372
78 734 351 755 372
79 735 347 756 368
80 736 342 757 363
81 737 338 758 359
82 738 334 759 355
83 738 330 759 351
84 739 326 760 347
85 739 326 760 347
86 740 322 761 343
87 741 317 762 338
88 743 314 764 335
89 743 310 764 331
90 744 305 765 326
91 744 305 765 326
92 745 302 766 323
93 746 298 767 319
94 746 293 767 314
95 747 290 768 311
96 748 286 769 307
97 748 286 769 307
98 749 283 770 304
99 750 279 771 300
100 751 275 772 296
101 752 272 773 293
102 752 268 773 289
103 753 268 774 289
104 754 264 775 285
105 755 260 776 281
106 755 257 776 278
107 756 254 777 275
108 757 250 778 271
109 757 250 778 271
110 757 247 778 268
111 758 243 779 264
112 759 240 780 261
113 760 237 781 258
114 761 233 782 254
115 760 233 781 254
116 761 230 782 251
117 762 226 783 247
118 763 223 784 244
119 763 220 784 241
120 765 217 786 238
121 765 217 786 238
122 766 214 787 235
123 766 211 787 232
124 767 208 788 229
125 767 205 788 226
126 768 202 789 223
127 768 202 789 223
128 769 199 790 220
129 770 196 791 217
130 771 193 792 214
131 772 190 793 211
132 773 188 794 209
133 772 188 793 209
134 773 184 794 205
135 773 181 794 202
136 775 179 795 199
137 776 177 796 197
138 777 174 797 194
139 777 175 797 195
140 777 171 798 192
141 777 168 798 189
142 778 166 798 186
143 780 164 800 184
144 781 161 800 180
145 781 161 801 181
146 781 158 801 178
147 781 156 801 176
148 782 153 802 173
149 784 150 803 169
150 784 148 803 167
151 784 148 803 167
152 784 146 803 165
153 785 143 804 162
154 786 141 805 160
155 786 139 805 158
156 787 136 807 156
157 787 136 807 156
158 788 133 808 153
159 788 131 808 151
160 789 129 809 149
161 789 127 809 147
162 789 124 809 144
163 789 124 809 144
164 790 122 810 142
165 791 120 811 140
166 791 118 812 139
167 792 115 812 135
168 793 114 813 134
169 793 114 813 134
170 793 111 813 131
171 794 110 814 130
172 795 108 815 128
173 795 105 814 124
174 796 103 816 123
175 795 103 815 123
176 795 102 815 122
177 796 99 816 119
178 797 98 817 118
179 798 95 818 115
180 798 92 818 112
181 798 93 818 113
182 799 92 819 112
183 799 89 819 109
184 799 88 819 108
185 799 86 819 106
186 800 84 820 104
187 800 84 820 104
188 800 82 820 102
189 801 80 821 100
190 801 79 821 99
191 802 76 822 96
192 802 75 822 95
193 802 75 822 95
194 803 74 823 94
195 803 71 823 91
196 803 71 823 91
197 804 68 824 88
198 804 67 824 87
199 804 67 824 87
200 804 65 824 85
201 804 64 824 84
202 805 62 825 82
203 805 60 824 79
204 806 60 825 79
205 805 59 825 79
206 806 60 826 80
207 806 60 826 80
208 806 61 825 80
209 807 63 826 82
210 808 64 827 83
211 807 64 827 84
212 808 64 828 84
213 808 65 828 85
214 809 66 829 86
215 809 67 829 87
216 809 68 828 87
217 810 69 829 88
218 809 69 828 88
219 810 70 830 90
220 810 71 830 91
221 810 72 830 92
222 810 72 830 92
223 811 73 831 93
224 810 73 830 93
225 811 74 831 94
226 811 75 831 95
227 811 76 831 96
228 812 76 832 96
229 811 77 831 97
230 812 77 832 97
231 811 77 831 97
232 811 78 831 98
233 811 79 831 99
234 812 80 832 100
235 812 80 832 100
