214 -1 -1 -1 -1
0 728 146 746 168

1 727 146 745 168
2 728 148 745 169
3 729 147 746 168
4 729 147 746 168
5 729 147 746 168
6 729 148 745 168
7 729 148 746 169
8 729 148 746 169
9 729 148 745 168
10 729 148 746 169
11 729 148 746 169
12 729 148 745 168
13 729 148 746 169
14 729 148 746 169
15 729 148 745 168
16 728 148 745 169
17 729 148 746 169
18 729 147 746 168
19 729 148 745 168
20 729 148 746 169
21 729 148 746 169
22 729 148 745 168
23 729 148 746 169
24 729 148 746 169
25 729 148 745 168
26 729 148 746 169
27 729 148 746 169
28 729 148 745 168
29 729 148 746 169
30 729 148 745 168
31 729 148 745 168
32 729 148 746 169
33 729 148 745 168
34 729 148 745 168
35 730 149 745 167
36 729 148 745 168
37 730 148 746 168
38 730 148 746 168
39 730 148 746 168
40 730 148 746 168
41 730 149 745 167
42 729 147 745 167
43 729 147 746 168
44 730 148 746 168
45 729 148 745 168
46 729 148 745 168
47 729 148 745 168
48 729 148 746 169
49 730 148 746 168
50 730 149 745 167
51 729 148 745 168
52 729 148 745 168
53 729 148 745 168
54 729 148 746 169
55 730 148 746 168
56 729 148 745 168
57 730 149 745 167
58 729 148 745 168
59 729 147 746 168
60 712 158 729 179
61 686 173 703 194
62 659 189 676 210
63 634 205 651 226
64 632 206 650 228
65 607 223 625 245
66 580 238 599 261
67 554 254 573 277
68 529 270 548 293
69 503 285 524 310
70 503 284 524 310
71 483 292 505 319
72 472 292 493 318
73 462 291 485 319
74 453 289 477 318
75 445 288 469 317
76 446 288 470 317
77 439 287 464 317
78 432 284 458 315
79 426 283 451 313
80 421 282 446 312
81 414 281 439 311
82 415 281 440 311
83 409 279 434 309
84 403 278 429 309
85 395 276 422 308
86 390 273 417 305
87 384 272 411 304
88 384 272 410 303
89 378 271 404 302
90 373 270 399 301
91 367 269 392 299
92 362 268 387 298
93 356 267 382 298
94 356 266 381 296
95 351 266 376 296
96 345 264 370 294
97 340 263 365 293
98 334 262 360 293
99 328 260 354 291
100 328 259 354 290
101 323 258 349 289
102 318 257 343 287
103 313 257 338 287
104 308 256 333 286
105 310 254 335 284
106 310 254 335 284
107 315 254 339 283
108 317 252 342 282
109 321 251 346 281
110 324 249 349 279
111 327 248 352 278
112 327 248 352 278
113 330 247 355 277
114 334 246 358 275
115 337 244 363 275
116 339 242 364 272
117 343 242 368 272
118 342 242 367 272
119 346 241 371 271
120 349 240 374 270
121 351 238 377 269
122 354 237 379 267
123 357 237 383 268
124 357 237 382 267
125 360 236 385 266
126 362 234 388 265
127 365 233 390 263
128 368 233 393 263
129 370 232 395 262
130 370 232 395 262
131 373 231 398 261
132 375 230 400 260
133 377 229 404 261
134 380 228 405 258
135 383 227 408 257
136 382 227 409 259
137 384 226 410 257
138 387 225 412 255
139 389 225 415 256
140 390 223 416 254
141 394 222 420 253
142 393 222 419 253
143 396 222 421 252
144 398 221 423 251
145 400 220 427 252
146 400 219 427 251
147 403 218 429 249
148 403 218 429 249
149 407 218 432 248
150 409 217 434 247
151 410 217 435 247
152 412 216 438 247
153 413 215 438 245
154 414 215 440 246
155 415 214 441 245
156 416 213 442 244
157 419 213 444 243
158 420 213 445 243
159 422 212 447 242
160 422 212 448 243
161 423 211 448 241
162 425 211 450 241
163 427 211 451 240
164 428 210 453 240
165 430 210 454 239
166 430 210 454 239
167 430 209 455 239
168 431 208 457 239
169 433 207 458 237
170 435 208 459 237
171 435 207 460 237
172 436 206 462 237
173 436 206 461 236
174 437 206 462 236
175 439 206 463 235
176 440 206 464 235
177 440 205 465 235
178 442 204 468 235
179 442 205 466 234
180 443 205 467 234
181 443 204 468 234
182 445 204 469 233
183 445 203 470 233
184 446 203 472 234
185 446 202 472 233
186 447 202 471 231
187 448 202 472 231
188 448 202 473 232
189 449 202 473 231
190 449 202 474 232
191 451 202 475 231
192 450 201 475 231
193 450 200 477 232
194 450 199 477 231
195 452 201 476 230
196 452 200 478 231
197 452 200 477 230
198 453 200 478 230
199 453 200 478 230
200 453 200 478 230
201 454 200 479 230
202 454 200 479 230
203 454 199 479 229
204 455 200 479 229
205 455 200 480 230
206 455 199 481 230
207 456 200 479 228
208 457 200 480 228
209 456 200 480 229
210 455 199 481 230
211 453 196 482 230
212 453 197 482 231
213 455 198 481 229
