214 -1 -1 -1 -1
0 487 304 506 326

1 487 304 506 326
2 487 304 506 326
3 487 304 506 326
4 489 306 505 324
5 486 304 504 325
6 488 306 504 325
7 488 305 506 326
8 488 306 504 325
9 488 307 504 325
10 486 304 504 325
11 488 306 504 325
12 488 306 504 324
13 487 304 505 325
14 487 304 505 325
15 487 304 505 325
16 489 306 505 324
17 486 304 504 325
18 488 306 504 325
19 489 306 505 324
20 486 304 504 325
21 489 306 505 324
22 486 304 504 325
23 489 306 505 324
24 486 304 504 325
25 489 306 505 324
26 486 305 504 326
27 488 306 504 325
28 489 306 505 324
29 486 304 504 325
30 486 304 504 325
31 486 304 504 325
32 488 306 504 325
33 487 304 505 325
34 488 306 504 325
35 488 305 506 326
36 488 306 504 325
37 488 306 504 325
38 489 306 505 324
39 486 304 504 325
40 486 304 504 325
41 486 304 504 325
42 488 306 504 325
43 487 304 505 325
44 488 306 504 325
45 488 305 506 326
46 488 306 504 325
47 488 306 504 325
48 489 306 505 324
49 486 304 504 325
50 486 304 504 325
51 486 304 504 325
52 488 306 504 325
53 487 304 505 325
54 488 306 504 325
55 488 305 506 326
56 488 306 504 325
57 488 306 504 325
58 489 306 505 324
59 486 304 504 325
60 486 304 504 325
61 486 304 504 325
62 488 306 504 325
63 487 304 505 325
64 488 306 504 325
65 487 304 505 325
66 489 306 505 324
67 486 304 504 325
68 489 306 505 324
69 486 304 504 325
70 489 306 505 324
71 481 314 497 332
72 469 331 485 349
73 457 346 473 364
74 445 362 461 381
75 433 378 449 396
76 433 378 449 396
77 421 394 437 412
78 410 408 426 426
79 397 423 414 443
80 387 438 403 457
81 375 453 392 473
82 375 453 391 472
83 365 468 381 487
84 354 482 370 501
85 343 495 360 515
86 331 510 347 529
87 321 524 338 544
88 321 524 337 543
89 310 539 327 559
90 298 553 315 573
91 286 569 303 589
92 275 583 292 603
93 263 598 280 618
94 263 598 280 618
95 244 609 261 629
96 235 631 253 652
97 232 636 250 657
98 232 636 250 657
99 230 634 248 655
100 231 635 249 656
101 231 634 249 655
102 231 635 249 656
103 231 635 249 656
104 230 634 250 657
105 232 635 251 657
106 231 634 251 657
107 231 635 251 658
108 231 635 250 657
109 231 635 250 657
110 231 635 250 657
