344 -1 -1 -1 -1
0 554 81 572 100

1 554 81 572 100
2 554 81 572 100
3 554 81 572 100
4 554 80 572 99
5 554 81 572 100
6 554 81 572 100
7 555 81 573 100
8 554 81 572 100
9 554 81 572 100
10 554 81 572 100
11 555 81 573 100
12 554 81 572 100
13 554 81 572 100
14 554 81 572 100
15 554 81 572 100
16 553 79 573 100
17 554 81 572 100
18 555 81 573 100
19 554 81 572 100
20 554 81 572 100
21 556 84 574 103
22 561 93 579 112
23 568 103 586 122
24 569 104 584 120
25 575 113 591 130
26 579 121 595 138
27 586 130 602 147
28 591 139 607 156
29 596 148 613 166
30 596 148 614 167
31 602 157 620 176
32 608 166 626 185
33 614 176 633 196
34 618 185 638 206
35 625 195 646 217
36 625 195 645 216
37 631 205 651 226
38 636 214 657 236
39 643 225 663 246
40 648 234 669 256
41 655 243 676 266
42 654 244 675 266
43 661 253 682 276
44 667 263 688 285
45 674 274 695 296
46 679 284 700 306
47 686 293 707 316
48 685 293 707 316
49 692 304 714 327
50 699 314 721 337
51 705 324 728 348
52 712 335 734 358
53 719 346 741 369
54 719 346 741 369
55 725 356 747 379
56 733 367 754 390
57 739 378 760 400
58 747 390 768 412
59 754 401 775 423
60 753 401 774 423
61 760 412 781 434
62 767 423 788 445
63 774 435 795 457
64 781 445 802 467
65 789 457 810 479
66 789 457 810 479
67 796 468 817 491
68 802 479 823 502
69 810 491 831 514
70 817 503 838 525
71 825 516 846 538
72 825 516 846 538
73 833 528 854 550
74 845 537 866 560
75 859 546 880 569
76 873 556 894 579
77 886 566 907 589
78 888 566 909 589
79 901 576 922 599
80 914 586 935 609
81 929 596 950 619
82 939 591 960 614
83 947 584 968 607
84 947 583 968 606
85 955 576 976 599
86 964 570 985 593
87 972 564 993 587
88 980 558 1001 581
89 989 552 1010 575
90 992 546 1013 569
91 992 546 1013 569
92 983 540 1004 563
93 977 535 998 558
94 970 530 991 553
95 964 525 985 548
96 958 520 979 543
97 957 519 978 542
98 952 515 973 538
99 945 510 966 533
100 939 505 960 528
101 933 500 954 523
102 928 495 949 518
103 927 495 948 518
104 922 490 943 513
105 916 485 937 508
106 910 480 931 503
107 904 475 925 498
108 899 471 920 494
109 899 471 920 494
110 893 467 914 490
111 888 462 909 485
112 882 457 903 480
113 877 453 898 476
114 871 448 892 471
115 871 448 892 471
116 866 444 887 467
117 861 439 882 462
118 855 435 876 458
119 851 430 872 453
120 845 426 866 449
121 845 426 866 449
122 840 422 861 445
123 835 418 856 441
124 830 414 851 437
125 826 409 847 432
126 820 406 841 429
127 820 406 841 429
128 816 401 837 424
129 811 398 832 420
130 807 394 828 416
131 802 391 823 413
132 797 386 818 409
133 797 386 818 409
134 792 382 813 405
135 787 378 808 401
136 783 374 804 397
137 778 370 799 393
138 773 366 794 389
139 773 366 794 389
140 769 363 790 386
141 765 360 786 383
142 760 356 781 379
143 757 352 778 375
144 752 348 773 371
145 752 348 773 371
146 748 344 769 367
147 744 341 765 364
148 739 338 760 360
149 736 335 757 358
150 731 332 752 355
151 731 331 752 354
152 727 328 748 351
153 723 325 744 348
154 720 321 741 344
155 715 318 736 341
156 712 315 733 338
157 712 315 733 338
158 707 312 728 335
159 704 308 725 331
160 701 305 722 327
161 697 302 718 325
162 692 298 713 321
163 693 299 714 322
164 688 296 709 319
165 685 292 706 315
166 682 289 703 312
167 678 286 699 309
168 675 283 696 306
169 675 283 696 306
170 672 281 693 304
171 668 278 689 300
172 665 275 686 297
173 662 272 683 294
174 659 270 680 292
175 659 270 680 292
176 656 267 677 289
177 652 264 673 286
178 649 261 670 284
179 645 258 666 280
180 643 257 664 279
181 643 256 664 278
182 640 253 661 275
183 636 251 657 273
184 633 247 654 270
185 630 244 651 267
186 626 243 647 266
187 626 242 647 265
188 623 239 644 262
189 621 237 642 260
190 618 234 639 256
191 615 233 636 256
192 613 230 634 252
193 613 230 634 252
194 610 227 631 250
195 606 224 627 246
196 604 223 625 245
197 601 220 622 242
198 599 219 620 241
199 599 218 620 240
200 596 215 617 237
201 593 214 614 236
202 591 211 612 233
203 588 210 609 232
204 586 206 607 228
205 586 207 607 229
206 583 204 604 227
207 579 202 600 225
208 578 200 599 222
209 576 198 597 220
210 573 195 594 218
211 573 195 594 217
212 571 194 592 216
213 568 191 589 213
214 566 190 587 212
215 564 187 585 209
216 561 186 582 209
217 561 185 582 208
218 558 184 579 206
219 556 181 577 203
220 554 179 575 202
221 551 176 572 198
222 549 176 570 198
223 549 176 570 198
224 548 173 569 196
225 544 172 565 194
226 543 169 564 192
227 540 167 561 189
228 539 166 560 189
229 539 166 560 188
230 537 165 558 187
231 535 163 556 185
232 527 146 548 168
233 527 146 548 168
234 527 147 548 169
235 527 147 548 169
236 526 150 547 172
237 525 148 546 170
238 525 148 546 170
239 520 151 541 174
240 517 151 538 174
241 517 151 538 174
242 515 151 536 173
243 528 142 549 164
244 529 142 550 164
245 529 140 550 162
246 529 140 550 162
247 529 139 550 161
248 529 139 550 161
249 529 138 550 160
250 529 137 550 159
251 530 137 551 159
252 530 136 551 158
253 530 135 551 157
254 530 135 551 157
255 530 135 551 157
256 530 134 551 156
257 531 134 551 155
258 531 133 552 155
259 531 132 552 154
260 531 132 552 154
261 531 131 552 153
262 532 131 553 153
263 532 130 553 152
264 532 129 553 151
265 532 129 553 151
266 532 129 553 151
267 533 128 554 150
268 533 128 554 150
269 533 127 554 149
270 533 127 554 149
271 533 127 554 149
272 534 126 555 148
273 534 126 555 148
274 534 126 555 148
275 534 125 555 147
276 534 125 555 147
277 534 124 555 146
278 534 124 555 146
279 534 124 555 146
280 534 123 555 145
281 534 123 555 145
282 534 123 555 145
283 534 122 555 144
284 534 122 555 144
285 534 122 555 144
286 534 122 555 144
287 534 121 555 143
288 534 122 555 144
289 534 121 555 143
290 534 121 555 143
291 534 121 555 143
292 534 121 555 143
293 534 121 555 143
294 534 120 555 142
295 534 121 555 143
296 534 120 555 142
297 534 120 555 142
298 534 120 555 142
299 534 120 555 142
300 533 120 554 142
301 534 120 555 142
302 534 120 555 142
303 534 120 555 142
304 534 120 555 142
305 534 120 555 142
306 534 119 555 141
307 534 120 555 142
308 534 119 555 141
309 534 119 555 142
310 533 119 554 141
311 534 119 555 141
312 534 119 555 141
313 534 119 555 142
314 533 119 554 141
315 534 119 555 141
316 535 120 555 141
317 534 119 555 141
318 534 119 555 142
319 533 119 554 141
320 534 119 555 141
321 534 120 554 141
322 534 120 554 141
323 534 119 555 141
324 535 120 555 141
325 534 120 554 141
326 535 120 555 141
327 534 120 554 141
328 535 119 555 140
329 534 119 555 141
330 533 119 555 142
331 534 119 555 141
332 533 119 555 142
333 534 119 555 141
334 534 120 554 141
335 535 120 555 141
336 534 119 555 141
337 533 119 555 142
338 534 119 555 141
339 533 119 555 142
340 534 119 555 141
341 533 119 555 142
342 534 119 555 141
343 533 119 555 142
