344 -1 -1 -1 -1
0 818 540 839 562

1 817 540 838 562
2 817 540 838 562
3 815 539 840 565
4 815 538 841 565
5 815 537 843 566
6 815 538 841 565
7 815 537 843 566
8 815 538 841 565
9 815 538 841 565
10 815 538 843 567
11 815 539 841 566
12 815 538 843 567
13 815 539 841 566
14 815 539 841 566
15 817 540 841 565
16 815 538 841 565
17 815 538 841 565
18 815 538 843 567
19 815 539 841 566
20 815 538 843 567
21 815 539 841 566
22 815 539 841 566
23 817 540 841 565
24 815 538 841 565
25 815 539 841 566
26 815 538 843 567
27 815 539 841 566
28 815 538 843 567
29 815 539 841 566
30 817 541 839 564
31 818 541 839 563
32 817 541 839 564
33 817 540 840 564
34 815 538 841 565
35 815 538 841 565
36 815 538 843 567
37 815 539 841 566
38 817 540 840 564
39 815 538 841 565
40 815 538 841 565
41 815 538 843 567
42 815 539 841 566
43 817 540 840 564
44 815 538 841 565
45 815 539 841 566
46 815 538 843 567
47 815 539 841 566
48 817 540 840 564
49 815 538 841 565
50 815 539 841 566
51 817 540 840 564
52 815 538 841 565
53 815 539 841 566
54 817 540 840 564
55 815 538 841 565
56 815 539 841 566
57 815 538 843 567
58 815 539 841 566
59 817 540 840 564
60 815 538 841 565
61 815 539 841 566
62 817 541 840 565
63 815 539 841 566
64 814 537 842 567
65 815 538 841 565
66 815 538 843 567
67 815 539 841 566
68 817 540 840 564
69 815 538 841 565
70 815 539 841 566
71 817 541 840 565
72 815 539 841 566
73 814 538 842 567
74 809 539 837 568
75 801 542 829 572
76 796 544 824 573
77 792 547 818 574
78 790 547 818 576
79 785 548 813 577
80 778 550 807 581
81 774 553 802 583
82 770 555 797 583
83 765 559 792 587
84 764 559 791 587
85 760 561 786 588
86 754 563 781 591
87 748 564 776 593
88 743 565 771 595
89 738 567 766 596
90 734 570 760 597
91 734 570 761 598
92 730 574 756 601
93 724 574 751 602
94 718 576 746 606
95 712 577 741 608
96 712 578 740 608
97 712 579 740 609
98 711 581 739 611
99 711 582 739 611
100 710 584 737 612
101 710 586 738 615
102 708 587 736 616
103 709 587 736 615
104 709 589 735 616
105 709 590 735 617
106 709 591 734 617
107 707 591 734 619
108 706 593 734 622
109 706 594 732 621
110 706 594 733 622
111 705 595 733 624
112 705 595 733 624
113 704 594 732 623
114 704 593 732 622
115 704 594 732 623
116 704 594 731 622
117 705 594 731 621
118 704 594 730 621
119 704 593 731 621
120 704 593 730 620
121 704 593 730 620
122 704 593 730 620
123 703 592 730 620
124 702 591 730 620
125 701 590 729 620
126 702 589 730 618
127 702 589 729 617
128 702 589 730 618
129 702 589 728 616
130 701 588 729 617
131 701 587 729 617
132 701 587 729 616
133 701 587 729 616
134 701 587 729 617
135 700 586 728 616
136 700 587 728 616
137 700 586 728 616
138 700 586 727 614
139 700 586 728 616
140 701 586 728 614
141 701 586 728 614
142 699 586 727 616
143 700 585 728 614
144 700 585 728 614
145 699 585 727 614
146 700 585 728 614
147 699 585 727 615
148 699 585 727 615
149 699 585 727 615
150 699 585 727 615
151 699 585 727 615
152 699 585 727 615
153 699 584 727 614
154 698 584 726 614
155 698 584 726 614
156 700 585 727 613
157 699 585 727 615
158 699 585 727 615
159 698 585 726 615
160 699 585 727 615
161 699 585 727 615
162 699 585 727 615
163 699 585 727 615
164 699 585 727 615
165 699 585 727 615
166 698 585 726 615
167 698 585 726 615
168 699 585 727 615
169 699 585 727 615
170 699 585 727 615
171 699 585 727 615
172 699 585 727 615
173 699 585 727 615
174 698 585 726 615
175 699 584 727 614
176 700 585 727 613
177 699 585 727 615
178 699 585 727 615
179 699 585 727 615
180 698 585 726 615
181 698 585 726 615
182 698 584 726 614
183 700 586 726 613
184 699 585 727 615
185 699 585 727 615
186 699 584 727 614
187 700 586 726 613
188 699 585 727 615
189 699 585 727 615
190 699 584 727 614
191 700 586 726 613
192 699 585 727 615
193 698 585 726 615
194 698 585 726 615
195 700 586 726 613
196 699 585 727 615
197 699 585 727 615
198 699 585 727 615
199 699 584 727 614
200 700 586 726 613
201 699 585 727 615
202 698 585 726 615
203 698 585 726 615
204 698 584 726 614
205 700 586 726 613
206 699 585 727 615
207 699 585 727 615
208 699 585 727 615
209 700 586 726 613
210 699 585 727 615
211 698 585 726 615
212 698 585 726 615
213 698 585 726 615
214 698 585 726 615
215 699 585 727 615
216 699 585 727 615
217 699 585 727 615
218 699 585 727 615
219 699 584 727 614
220 700 586 726 613
221 699 585 727 615
222 698 585 726 615
223 699 585 727 615
224 699 585 727 615
225 699 585 727 615
226 699 585 727 615
227 699 585 727 615
228 699 585 727 615
229 699 585 727 615
230 699 585 727 615
231 699 584 727 614
232 699 584 727 614
233 699 584 727 614
234 700 586 726 613
235 699 585 727 615
236 698 585 726 615
237 698 585 726 615
238 698 585 726 615
239 698 585 726 615
240 698 585 726 615
241 699 585 727 615
242 699 585 727 615
243 699 585 727 615
244 699 585 727 615
245 699 585 727 615
246 698 585 726 615
247 698 585 726 615
248 699 585 727 615
249 699 585 727 615
250 699 585 727 615
251 699 585 727 615
252 699 585 727 615
253 698 585 726 615
254 698 585 726 615
255 699 585 727 615
256 699 585 727 615
257 699 585 727 615
258 699 585 727 615
259 699 585 727 615
260 698 585 726 615
261 698 585 726 615
262 699 585 727 615
263 699 585 727 615
264 699 585 727 615
265 697 584 728 617
266 699 584 728 615
267 698 585 726 615
268 699 585 727 615
269 699 585 727 615
270 699 585 727 615
271 699 585 727 615
272 699 585 727 615
273 699 585 727 615
274 699 585 727 615
275 698 585 726 615
276 698 585 726 615
277 699 585 727 615
278 699 585 727 615
279 699 585 727 615
280 699 585 727 615
281 699 585 727 615
282 699 585 727 615
283 698 585 726 615
284 698 585 726 615
285 699 585 727 615
286 699 585 727 615
287 699 585 727 615
288 699 585 727 615
289 699 585 728 616
290 698 585 726 615
291 698 585 726 615
292 698 585 726 615
293 697 584 728 617
294 699 585 727 615
295 699 585 727 615
296 699 584 728 615
297 698 585 726 615
298 698 585 726 615
299 698 585 726 615
300 699 585 727 615
301 699 585 727 615
302 699 585 727 615
303 699 585 727 615
304 699 585 728 616
305 697 584 728 617
306 699 585 727 615
307 699 585 727 615
308 699 585 727 615
309 699 585 727 615
310 699 585 728 616
311 698 585 726 615
312 697 584 728 617
313 699 585 727 615
314 699 585 727 615
315 699 585 727 615
316 699 585 728 616
317 698 585 726 615
318 698 585 726 615
319 697 584 728 617
320 699 585 727 615
321 699 585 727 615
322 699 585 727 615
323 699 584 728 615
324 698 585 726 615
325 698 585 726 615
326 699 585 727 615
327 697 584 728 617
328 699 585 727 615
329 699 584 728 615
330 698 585 726 615
331 698 585 726 615
332 699 585 727 615
333 699 585 727 615
334 699 585 727 615
335 696 583 730 618
336 699 585 727 615
337 699 585 728 616
338 697 584 728 617
339 699 585 727 615
340 699 585 727 615
341 699 585 727 615
342 699 584 728 615
343 698 585 726 615
