229 -1 -1 -1 -1
0 936 338 954 359

1 936 338 953 358
2 936 339 954 360
3 936 338 954 359
4 936 338 954 359
5 936 338 954 359
6 936 338 953 358
7 938 340 953 358
8 936 339 953 359
9 936 338 953 358
10 936 338 953 358
11 936 339 952 358
12 936 338 953 358
13 936 338 953 358
14 936 338 953 358
15 936 339 952 358
16 936 338 953 358
17 936 338 953 358
18 936 338 953 358
19 936 339 952 358
20 936 338 953 358
21 936 338 953 358
22 936 338 953 358
23 936 339 952 358
24 936 338 953 358
25 936 338 953 358
26 936 338 953 358
27 936 339 952 358
28 936 338 953 358
29 936 338 953 358
30 936 338 953 358
31 936 339 952 358
32 936 338 953 358
33 936 338 953 358
34 936 339 952 358
35 936 338 953 358
36 936 338 953 358
37 936 338 953 358
38 936 339 952 358
39 936 338 953 358
40 936 338 953 358
41 936 338 953 358
42 936 339 952 358
43 936 338 953 358
44 936 338 953 358
45 936 339 952 358
46 936 339 953 359
47 936 338 953 358
48 936 338 953 358
49 936 339 952 358
50 936 338 953 358
51 936 338 953 358
52 936 338 953 358
53 936 339 953 359
54 936 339 952 358
55 936 338 953 358
56 936 339 953 359
57 936 339 952 358
58 936 338 953 358
59 936 338 953 358
60 936 338 953 358
61 936 339 952 358
62 936 338 953 358
63 936 338 953 358
64 936 339 952 358
65 936 338 953 358
66 936 339 953 359
67 936 339 952 358
68 936 338 953 358
69 936 338 953 358
70 936 338 953 358
71 936 339 952 358
72 936 338 953 358
73 936 339 953 359
74 936 339 952 358
75 936 338 953 358
76 936 338 953 358
77 936 338 953 358
78 936 339 952 358
79 936 338 953 358
80 936 338 953 358
81 936 339 952 358
82 936 338 953 358
83 936 338 953 358
84 936 339 953 359
85 936 339 952 358
86 936 338 953 358
87 936 338 953 358
88 936 339 953 359
89 936 339 952 358
90 936 338 953 358
91 936 338 953 358
92 935 337 954 359
93 936 339 953 359
94 936 338 953 358
95 936 338 953 358
96 936 338 953 358
97 936 339 952 358
98 936 338 953 358
99 936 338 953 358
100 936 338 953 358
101 936 339 952 358
102 936 338 953 358
103 936 338 953 358
104 936 339 953 359
105 936 339 952 358
106 936 338 953 358
107 936 338 953 358
108 936 338 953 358
109 935 337 954 359
110 936 338 953 358
111 936 338 953 358
112 936 338 953 358
113 936 338 953 358
114 936 339 952 358
115 936 338 953 358
116 936 338 953 358
117 936 338 953 358
118 936 338 953 358
119 936 339 952 358
120 936 338 953 358
121 936 338 953 358
122 936 338 953 358
123 936 339 952 358
124 936 338 953 358
125 936 338 954 359
126 936 339 953 359
127 936 339 953 359
128 936 339 953 359
129 936 339 953 359
130 936 340 952 359
131 936 339 953 359
132 936 339 953 359
133 936 339 953 359
134 936 339 952 358
135 936 339 953 359
136 936 339 953 359
137 936 339 953 359
138 936 339 952 358
139 936 338 953 358
140 936 338 953 358
141 936 338 953 358
142 936 338 953 358
143 936 339 952 358
144 936 338 953 358
145 936 338 953 358
146 936 338 953 358
147 936 339 952 358
148 936 338 953 358
149 936 338 953 358
150 936 339 953 359
151 936 339 953 359
152 936 339 952 358
153 936 338 953 358
154 936 338 953 358
155 936 338 953 358
156 936 339 952 358
157 936 338 953 358
158 944 342 961 362
159 925 351 944 373
160 926 352 945 374
161 898 363 917 385
162 872 372 891 394
163 844 383 864 406
164 818 392 839 416
165 793 402 814 427
166 791 401 813 427
167 768 410 791 437
168 743 419 766 446
169 720 428 743 455
170 696 437 719 464
171 674 446 697 473
172 673 446 696 473
173 651 454 674 481
174 628 461 652 489
175 604 471 628 499
176 582 480 604 506
177 558 489 579 514
178 558 489 579 514
179 534 497 555 522
180 510 506 531 530
181 487 516 508 540
182 463 525 483 548
183 438 534 458 557
184 437 534 457 557
185 413 543 433 566
186 388 552 409 576
187 362 563 383 588
188 335 571 357 597
189 308 580 331 607
190 308 580 331 607
191 283 589 306 616
192 256 598 279 625
193 228 610 251 637
194 243 624 268 652
195 246 624 272 653
196 245 624 271 653
197 245 624 271 653
198 245 623 272 653
199 245 624 271 653
200 245 624 271 653
