229 -1 -1 -1 -1
0 577 127 594 146

1 576 126 593 145
2 576 126 593 145
3 576 126 593 145
4 576 126 593 145
5 576 126 593 145
6 576 126 593 145
7 576 126 593 145
8 577 127 591 143
9 577 127 593 145
10 577 127 593 145
11 577 126 594 145
12 577 127 593 145
13 576 126 593 145
14 576 127 593 146
15 576 126 593 145
16 577 127 593 145
17 576 127 592 145
18 576 126 593 145
19 577 126 594 145
20 577 127 593 145
21 576 126 593 145
22 577 126 594 145
23 577 127 593 145
24 577 127 593 145
25 577 126 594 145
26 577 127 593 145
27 576 126 593 145
28 577 127 593 145
29 576 126 593 145
30 577 126 594 145
31 577 127 593 145
32 576 127 593 146
33 577 127 594 146
34 577 127 593 145
35 576 126 593 145
36 577 126 594 145
37 577 127 593 145
38 576 126 593 145
39 576 126 593 145
40 577 127 593 145
41 576 126 593 145
42 576 127 593 146
43 577 127 593 145
44 576 126 593 145
45 576 126 593 145
46 577 127 594 146
47 577 127 593 145
48 576 126 593 145
49 577 126 594 145
50 577 127 593 145
51 576 126 593 145
52 576 126 593 145
53 577 127 593 145
54 576 126 593 145
55 576 127 593 146
56 577 127 594 146
57 577 127 593 145
58 576 126 593 145
59 576 127 593 146
60 577 127 593 145
61 576 126 593 145
62 576 127 593 146
63 577 127 594 146
64 577 127 593 145
65 576 126 593 145
66 576 127 593 146
67 577 126 594 145
68 577 127 593 145
69 576 127 593 146
70 576 127 593 146
71 577 126 594 145
72 577 126 594 145
73 576 127 593 146
74 576 126 593 145
75 576 126 593 145
76 576 127 593 146
77 577 127 594 146
78 577 126 594 145
79 576 127 593 146
80 576 127 593 146
81 576 126 593 145
82 577 127 594 146
83 576 127 593 146
84 576 126 593 145
85 576 127 593 146
86 577 127 594 146
87 577 126 594 145
88 576 127 593 146
89 576 126 593 145
90 577 127 594 146
91 577 127 594 146
92 576 127 593 146
93 576 127 593 146
94 576 126 593 145
95 577 127 594 146
96 577 126 594 145
97 576 127 593 146
98 576 126 593 145
99 577 127 594 146
100 577 127 593 145
101 576 126 593 145
102 576 127 593 146
103 576 126 593 145
104 577 127 594 146
105 577 127 593 145
106 576 126 593 145
107 576 127 593 146
108 576 126 593 145
109 576 126 593 145
110 577 127 593 145
111 576 126 593 145
112 576 127 593 146
113 576 127 593 146
114 576 126 593 145
115 577 127 594 146
116 577 126 594 145
117 577 127 593 145
118 576 126 593 145
119 576 126 593 145
120 576 127 593 146
121 576 126 593 145
122 576 127 593 146
123 576 127 593 146
124 576 126 593 145
125 576 127 593 146
126 576 126 593 145
127 576 127 593 146
128 576 127 593 146
129 576 126 593 145
130 576 127 593 146
131 576 126 593 145
132 576 126 593 145
133 576 127 593 146
134 576 126 593 145
135 576 127 593 146
136 576 127 593 146
137 576 126 593 145
138 576 127 593 146
139 576 126 593 145
140 576 127 593 146
141 576 127 593 146
142 576 126 593 145
143 576 127 593 146
144 576 126 593 145
145 576 127 593 146
146 598 139 616 159
147 630 158 647 177
148 634 161 651 180
149 661 177 678 196
150 694 196 710 214
151 726 216 742 234
152 758 235 774 253
153 790 254 806 272
154 792 255 809 274
155 821 272 838 291
156 854 293 871 312
157 889 312 906 331
158 917 332 934 351
159 913 337 930 356
160 913 338 931 358
161 906 341 925 362
162 902 345 922 367
163 898 349 918 371
164 894 354 914 376
165 890 358 910 380
166 890 359 910 381
167 886 362 906 384
168 882 367 902 389
169 878 371 898 393
170 874 375 894 397
171 870 380 890 402
172 871 380 891 402
173 866 383 886 405
174 863 388 882 409
175 860 393 879 414
176 855 397 875 419
177 850 401 870 423
178 850 401 870 424
179 846 405 866 428
180 842 409 863 432
181 838 413 859 436
182 834 418 855 441
183 830 422 851 445
184 830 422 851 445
185 826 426 847 449
186 822 430 843 453
187 818 435 839 458
188 815 439 836 462
189 811 443 832 466
190 811 443 832 466
191 807 448 827 471
192 802 452 823 475
193 798 456 819 479
194 794 460 815 483
195 790 464 811 487
196 790 465 811 488
197 786 469 807 492
198 782 473 803 496
199 778 477 799 500
200 775 482 796 505
201 771 486 792 509
202 772 486 792 508
203 766 490 787 513
204 762 494 783 517
205 758 498 779 521
206 754 503 775 526
207 751 508 771 531
208 750 507 771 530
209 746 512 767 535
210 743 516 764 539
211 739 520 760 543
212 735 524 756 547
213 732 529 752 551
214 730 528 751 551
215 725 532 747 556
216 722 537 742 560
217 720 542 740 564
218 714 545 735 568
219 710 549 731 572
220 710 549 731 572
221 705 553 727 577
222 702 557 722 580
223 698 561 719 584
224 694 566 715 589
225 690 571 711 594
226 690 570 711 593
227 686 574 707 597
228 682 579 703 602
