272 -1 -1 -1 -1
0 559 534 579 556

1 558 534 578 556
2 559 535 579 557
3 559 535 579 557
4 559 535 579 557
5 558 534 578 556
6 559 535 579 557
7 560 535 579 556
8 560 535 579 556
9 559 534 579 556
10 559 534 581 558
11 558 533 582 559
12 558 534 579 557
13 558 535 578 557
14 559 535 579 557
15 559 535 580 558
16 559 534 579 556
17 560 535 579 556
18 559 535 579 557
19 560 536 579 557
20 559 535 579 557
21 559 535 580 558
22 559 534 579 556
23 559 535 579 557
24 576 542 595 563
25 592 549 611 570
26 610 557 629 578
27 626 562 645 583
28 640 568 660 590
29 640 567 661 590
30 653 573 674 596
31 667 578 688 601
32 679 579 699 601
33 689 577 708 598
34 700 574 719 595
35 700 574 718 594
36 710 571 728 591
37 720 568 738 588
38 729 565 748 586
39 738 562 757 583
40 747 560 766 581
41 747 559 767 581
42 757 557 777 579
43 766 555 786 577
44 776 552 796 574
45 785 550 804 571
46 794 548 813 569
47 795 547 814 568
48 803 546 822 567
49 813 544 832 565
50 821 541 840 562
51 830 538 849 559
52 839 536 859 558
53 840 536 859 557
54 848 534 867 555
55 856 532 875 553
56 865 530 885 552
57 874 527 894 549
58 883 525 902 546
59 882 526 901 547
60 891 523 910 544
61 899 521 918 542
62 908 519 927 540
63 915 517 935 539
64 924 514 943 535
65 925 514 944 535
66 932 513 950 533
67 940 512 959 533
68 949 510 966 529
69 957 508 974 527
70 965 506 982 525
71 964 505 981 524
72 971 504 988 523
73 964 501 983 522
74 957 499 975 519
75 952 498 970 518
76 948 497 965 516
77 947 496 965 516
78 942 496 961 517
79 936 493 955 514
80 932 491 951 512
81 927 490 946 511
82 921 489 941 511
83 921 488 941 510
84 917 487 937 509
85 912 485 932 507
86 908 483 928 505
87 904 482 923 503
88 898 481 918 503
89 899 481 918 502
90 895 480 914 501
91 890 478 909 499
92 886 477 905 498
93 882 476 902 498
94 878 474 897 495
95 878 475 897 496
96 874 473 893 494
97 869 471 889 493
98 866 470 885 491
99 860 469 881 492
100 857 467 877 489
101 857 468 876 489
102 854 467 873 488
103 850 466 869 487
104 845 465 865 487
105 841 463 862 486
106 838 462 858 484
107 839 463 858 484
108 835 462 853 482
109 833 462 850 481
110 829 460 846 479
111 825 458 844 479
112 821 457 840 478
113 821 456 841 478
114 817 456 837 478
115 813 455 833 477
116 810 454 831 477
117 807 452 827 474
118 805 451 825 473
119 806 452 825 473
120 802 451 821 472
121 799 451 818 472
122 796 449 815 470
123 792 449 812 471
124 789 447 810 470
125 790 447 809 468
126 787 447 806 468
127 784 446 803 467
128 782 445 801 466
129 779 444 800 467
130 776 443 796 465
131 776 443 797 466
132 772 440 795 465
133 771 440 793 464
134 769 440 790 463
135 765 439 787 463
136 764 438 786 462
137 765 439 785 461
138 761 438 781 460
139 760 438 780 460
140 758 437 777 458
141 754 437 774 459
142 752 435 773 458
143 752 435 773 458
144 750 435 769 456
145 749 435 768 456
146 747 434 766 455
147 745 433 764 454
148 742 433 762 455
149 742 432 762 454
150 741 432 760 453
151 740 432 760 454
152 739 431 758 452
153 735 431 755 453
154 734 430 755 453
155 733 429 754 452
156 732 429 751 450
157 731 429 751 451
158 729 428 750 451
159 726 427 748 451
160 725 426 747 450
161 725 426 747 450
162 725 427 745 449
163 723 427 743 449
164 721 426 742 449
165 719 425 740 448
166 718 424 740 448
167 719 425 738 446
168 717 425 737 447
169 716 424 737 447
170 713 424 734 447
171 714 424 733 445
172 713 424 732 445
173 712 424 731 445
174 712 423 732 445
175 711 423 730 444
176 710 423 729 444
177 709 423 728 444
178 708 423 728 445
179 707 422 728 445
180 707 422 726 443
181 705 422 724 443
182 705 421 725 443
183 704 421 725 444
184 703 421 722 442
185 704 422 723 443
186 702 421 723 444
187 701 420 721 442
188 701 420 721 442
189 701 421 721 443
190 700 420 721 443
191 699 419 721 443
192 699 420 720 443
193 699 420 718 441
194 699 420 720 443
195 699 420 718 441
196 699 420 718 441
197 697 419 719 443
198 698 420 718 442
199 698 420 717 441
200 698 420 717 441
201 697 419 719 443
202 698 420 718 442
203 698 420 718 442
204 698 420 718 442
205 697 420 717 442
206 697 420 717 442
207 697 420 717 442
208 697 420 717 442
209 697 420 717 442
210 697 420 717 442
211 697 420 717 442
212 697 420 717 442
213 697 420 717 442
214 697 420 717 442
215 697 420 717 442
216 697 420 717 442
217 697 420 717 442
218 697 420 717 442
219 697 420 717 442
220 697 419 719 443
221 697 420 717 442
222 697 420 717 442
223 697 420 717 442
224 697 420 717 442
225 697 420 717 442
226 697 420 717 442
227 697 420 717 442
228 697 420 717 442
229 697 420 717 442
230 697 420 717 442
231 697 420 717 442
232 697 420 717 442
233 697 420 717 442
234 696 419 719 444
235 697 419 718 442
236 697 419 717 441
237 697 419 717 441
238 697 419 717 441
239 697 419 717 441
240 697 420 717 442
241 697 420 717 442
242 697 420 717 442
243 697 420 717 442
244 697 420 717 442
245 697 420 717 442
246 696 419 719 444
247 697 420 717 442
248 697 420 717 442
249 697 420 717 442
250 697 420 717 442
251 696 419 719 444
252 697 420 717 442
253 697 420 717 442
254 697 420 717 442
255 698 421 716 441
256 697 420 717 442
257 697 420 717 442
258 697 420 717 442
259 698 421 716 441
260 697 420 717 442
261 697 420 717 442
262 697 420 717 442
263 698 421 716 441
264 697 420 717 442
265 697 420 717 442
266 697 420 717 442
267 698 422 716 442
268 697 420 717 442
269 697 420 717 442
270 696 419 719 444
271 697 420 717 442
