272 -1 -1 -1 -1
0 484 395 504 417

1 482 393 506 419
2 482 394 506 420
3 482 394 506 420
4 482 393 506 419
5 482 393 506 419
6 482 393 506 419
7 482 394 506 420
8 482 393 507 421
9 481 394 506 421
10 482 393 506 419
11 482 393 506 419
12 482 394 506 420
13 485 399 508 424
14 493 416 515 440
15 500 432 522 456
16 506 446 529 471
17 506 447 528 471
18 512 461 534 485
19 519 478 541 502
20 526 493 547 516
21 533 508 555 532
22 540 524 562 548
23 540 526 561 549
24 532 533 553 556
25 520 543 543 568
26 512 553 534 577
27 502 564 524 588
28 494 574 516 598
29 494 575 515 598
30 486 576 507 599
31 481 567 503 591
32 474 558 497 583
33 469 552 491 576
34 462 544 486 570
35 461 543 486 570
36 456 537 480 563
37 449 529 474 556
38 444 523 469 550
39 438 517 463 544
40 434 511 458 537
41 434 511 457 536
42 429 505 454 532
43 423 498 448 525
44 417 491 442 519
45 413 485 438 512
46 408 480 431 505
47 408 479 433 506
48 403 474 427 500
49 398 468 422 494
50 392 461 417 488
51 388 456 412 482
52 381 450 406 478
53 382 450 407 478
54 376 444 401 472
55 372 439 397 467
56 368 433 393 460
57 363 428 388 455
58 358 422 383 449
59 358 422 383 450
60 355 418 379 444
61 349 412 374 439
62 345 407 369 433
63 341 402 366 429
64 336 395 361 423
65 335 396 360 424
66 332 392 357 419
67 328 387 352 413
68 324 382 347 407
69 320 378 342 402
70 317 374 338 397
71 317 373 337 395
72 316 369 337 392
73 320 364 341 387
74 323 361 343 383
75 327 356 348 379
76 331 353 352 376
77 330 352 352 376
78 334 349 356 373
79 337 344 359 368
80 341 340 363 364
81 344 336 367 361
82 348 334 370 358
83 348 334 370 358
84 351 330 373 354
85 355 326 377 350
86 357 322 380 347
87 360 319 383 344
88 363 314 387 340
89 362 314 387 341
90 365 310 390 338
91 369 307 394 334
92 371 304 396 331
93 375 301 398 326
94 379 298 401 322
95 379 298 401 322
96 383 295 404 318
97 386 292 406 314
98 389 289 408 310
99 391 286 411 308
100 394 282 414 304
101 394 283 414 305
102 396 280 417 303
103 399 276 418 297
104 403 275 422 296
105 405 271 424 292
106 407 268 427 290
107 407 268 426 289
108 410 265 430 287
109 411 261 433 285
110 415 258 436 281
111 415 255 437 279
112 418 252 440 276
113 419 253 440 276
114 421 250 442 273
115 424 248 444 270
116 427 246 447 268
117 429 243 448 264
118 431 240 451 262
119 431 240 451 262
120 434 237 454 259
121 435 235 455 257
122 438 232 457 253
123 440 230 460 252
124 442 227 462 249
125 442 227 462 249
126 444 224 465 247
127 445 222 465 244
128 448 219 469 242
129 449 217 470 240
130 452 214 472 236
131 452 215 473 238
132 453 212 473 234
133 456 210 476 232
134 458 208 479 231
135 459 205 480 228
136 462 204 482 226
137 462 204 482 226
138 464 202 484 224
139 466 200 486 222
140 467 197 487 219
141 470 195 489 216
142 470 193 491 216
143 470 193 490 215
144 472 191 493 214
145 473 188 494 211
146 475 187 494 208
147 478 185 497 206
148 479 184 498 205
149 479 183 498 204
150 481 182 501 204
151 482 179 502 201
152 484 177 505 200
153 484 175 503 196
154 487 174 506 195
155 487 173 506 194
156 489 172 508 193
157 490 171 509 192
158 491 168 510 189
159 492 166 512 188
160 494 164 514 186
161 494 164 514 186
162 495 163 515 185
163 497 161 517 183
164 498 159 519 182
165 500 157 520 179
166 501 156 520 177
167 502 156 521 177
168 503 154 522 175
169 504 152 523 173
170 505 151 524 172
171 507 150 526 171
172 508 148 527 169
173 508 148 527 169
174 510 146 529 167
175 510 145 529 166
176 512 144 531 165
177 514 142 533 163
178 514 141 533 162
179 514 140 533 161
180 515 139 534 160
181 517 138 535 158
182 519 138 536 157
183 519 135 536 154
184 521 134 538 153
185 521 134 538 153
186 521 132 539 152
187 524 132 541 151
188 524 131 541 150
189 525 129 543 149
190 527 127 546 148
191 526 127 544 147
192 528 126 547 147
193 528 125 546 145
194 530 124 549 145
195 530 122 549 143
196 531 121 550 142
197 532 121 550 141
198 532 120 551 141
199 533 119 552 140
200 534 118 552 138
201 536 117 555 138
202 536 115 554 135
203 537 116 555 136
204 538 115 556 135
205 539 115 556 134
206 539 113 555 131
207 540 113 556 131
208 541 112 557 130
209 542 112 558 130
210 543 112 559 130
211 543 109 559 127
212 543 108 560 127
213 544 107 561 126
214 545 106 562 125
215 545 106 562 125
216 546 105 563 124
217 546 104 563 123
218 547 104 563 122
219 548 103 565 122
220 549 102 565 120
221 549 102 566 121
222 549 101 566 120
223 550 100 567 119
224 551 99 568 118
225 552 98 569 117
226 552 98 568 116
227 552 98 569 117
228 552 97 570 117
229 554 96 573 117
230 554 95 571 114
231 555 95 571 113
232 556 94 573 113
233 555 94 572 113
234 556 93 573 112
235 556 92 574 112
236 557 92 575 112
237 557 91 576 112
238 557 90 575 110
239 559 92 575 110
240 559 90 576 109
241 559 89 576 108
242 559 89 576 108
243 560 88 576 106
244 561 88 577 106
245 561 88 577 106
246 561 88 577 106
247 561 87 578 106
248 561 86 578 105
249 562 86 578 104
250 562 85 579 104
251 562 86 578 104
252 562 85 579 104
253 562 85 578 103
254 562 84 579 103
255 563 84 579 102
256 563 84 579 102
257 563 84 579 102
258 562 83 580 103
259 562 83 580 103
260 562 82 579 101
261 562 82 579 101
262 562 82 578 100
263 562 82 578 100
264 562 82 579 101
265 562 81 579 100
266 562 81 579 100
267 562 81 578 99
268 562 81 578 99
269 561 81 578 100
270 561 80 578 99
271 561 80 577 98
