388 -1 -1 -1 -1
0 595 90 609 107

1 594 88 609 106
2 594 89 608 106
3 594 89 609 107
4 594 88 610 107
5 595 89 610 107
6 594 89 608 106
7 594 89 609 107
8 594 88 610 107
9 595 89 610 107
10 594 89 608 106
11 594 89 609 107
12 595 88 610 106
13 595 88 610 106
14 595 88 610 106
15 594 88 609 106
16 595 89 609 106
17 595 89 610 107
18 595 89 609 106
19 595 88 610 106
20 595 88 610 106
21 594 88 609 106
22 594 88 609 106
23 595 88 610 106
24 595 88 611 107
25 595 89 610 107
26 595 89 609 106
27 595 88 610 106
28 595 88 611 107
29 595 89 610 107
30 595 89 609 106
31 595 88 610 106
32 595 88 610 106
33 594 88 609 106
34 595 88 610 106
35 595 88 610 106
36 595 89 609 106
37 595 88 610 106
38 595 88 610 106
39 594 88 609 106
40 595 88 610 106
41 595 88 610 106
42 595 88 610 106
43 594 88 609 106
44 595 88 610 106
45 595 89 609 106
46 595 88 610 106
47 595 89 609 106
48 595 88 610 106
49 595 88 610 106
50 594 88 609 106
51 594 89 609 107
52 595 105 610 123
53 595 120 610 138
54 595 135 610 153
55 595 136 610 154
56 594 151 609 169
57 594 166 609 184
58 594 181 609 199
59 594 196 609 214
60 594 211 609 229
61 594 211 609 229
62 594 226 609 244
63 594 240 609 258
64 594 254 609 272
65 593 268 608 286
66 594 282 609 300
67 594 282 609 300
68 593 296 608 314
69 592 309 607 327
70 593 323 608 341
71 592 337 607 355
72 592 351 607 369
73 593 351 608 369
74 593 366 608 384
75 592 381 607 399
76 592 395 607 413
77 592 410 607 428
78 592 427 607 445
79 592 427 607 445
80 592 443 607 461
81 591 459 606 477
82 591 475 606 493
83 591 492 606 510
84 591 509 606 527
85 591 509 606 527
86 591 526 606 544
87 588 542 603 560
88 572 548 587 566
89 558 556 573 574
90 545 563 560 581
91 544 563 559 581
92 531 571 546 589
93 517 578 532 596
94 508 571 523 589
95 498 564 513 582
96 488 558 504 577
97 487 559 502 577
98 477 553 492 571
99 467 548 482 566
100 457 541 472 559
101 448 535 463 553
102 438 531 453 549
103 438 531 453 549
104 429 525 444 543
105 420 520 435 538
106 409 514 424 532
107 401 509 416 527
108 392 504 407 522
109 391 504 406 522
110 382 499 397 517
111 373 494 388 512
112 364 488 379 506
113 355 483 370 501
114 346 479 361 497
115 346 479 361 497
116 338 474 353 492
117 329 469 344 487
118 321 464 336 482
119 312 460 327 478
120 304 454 319 472
121 303 454 318 472
122 304 450 319 468
123 312 446 327 464
124 319 442 334 460
125 325 438 340 456
126 333 433 348 451
127 333 433 348 451
128 339 429 354 447
129 346 424 361 442
130 352 421 367 439
131 359 417 374 435
132 365 413 380 431
133 366 413 381 431
134 372 408 387 426
135 378 405 393 423
136 385 401 400 419
137 391 397 406 415
138 397 394 412 412
139 397 394 412 412
140 403 390 418 408
141 409 387 424 405
142 414 383 429 401
143 420 379 435 397
144 426 376 441 394
145 425 376 440 394
146 431 372 446 390
147 437 369 452 387
148 443 365 458 383
149 447 362 462 380
150 453 358 468 376
151 453 358 468 376
152 458 354 473 372
153 464 351 479 369
154 469 348 484 366
155 474 345 489 363
156 479 342 494 360
157 479 342 494 360
158 484 339 499 357
159 489 335 504 353
160 493 333 508 351
161 499 329 514 347
162 504 326 519 344
163 504 326 519 344
164 508 323 523 341
165 513 320 528 338
166 518 317 533 335
167 523 314 538 332
168 527 312 542 330
169 527 312 542 330
170 532 308 547 326
171 536 305 551 323
172 540 302 555 320
173 545 300 560 318
174 549 298 564 316
175 549 298 564 316
176 553 295 568 313
177 557 293 572 311
178 562 290 577 308
179 566 287 581 305
180 570 284 585 302
181 570 285 585 303
182 574 282 589 300
183 578 279 593 297
184 581 276 596 294
185 585 275 600 293
186 589 272 604 290
187 589 273 604 291
188 593 270 608 288
189 597 268 612 286
190 601 265 616 283
191 604 263 619 281
192 608 261 623 279
193 607 261 622 279
194 611 259 626 277
195 615 256 630 274
196 618 254 633 272
197 622 251 637 269
198 625 250 640 268
199 625 249 640 267
200 628 247 643 265
201 632 246 647 264
202 635 243 650 261
203 638 241 653 259
204 642 239 657 257
205 642 239 657 257
206 645 237 660 255
207 648 236 663 254
208 652 233 667 251
209 654 231 669 249
210 657 229 672 247
211 658 229 673 247
212 661 227 676 245
213 664 226 679 244
214 666 223 681 241
215 669 222 684 240
216 672 220 687 238
217 672 220 687 238
218 675 218 690 236
219 678 216 693 234
220 681 214 696 232
221 684 212 699 230
222 686 211 701 229
223 686 211 701 229
224 689 209 704 227
225 692 207 707 225
226 695 204 710 222
227 697 204 712 222
228 699 202 714 220
229 699 202 714 220
230 702 201 717 219
231 704 198 719 216
232 707 197 722 215
233 710 195 725 213
234 711 194 726 212
235 712 194 727 212
236 714 193 729 211
237 717 191 732 209
238 718 190 733 208
239 722 187 737 205
240 724 186 739 204
241 723 186 738 204
242 726 184 741 202
243 729 183 744 201
244 731 183 746 201
245 733 180 748 198
246 734 180 749 198
247 735 179 750 197
248 737 177 752 195
249 740 177 755 195
250 742 176 757 194
251 744 174 759 192
252 745 173 760 191
253 745 173 760 191
254 747 171 762 189
255 749 170 764 188
256 751 169 766 187
257 754 168 769 186
258 755 166 770 184
259 755 166 770 184
260 757 165 772 183
261 758 164 773 182
262 760 163 775 181
263 762 162 777 180
264 764 160 779 178
265 764 160 779 178
266 766 160 781 178
267 767 158 782 176
268 768 157 783 175
269 771 157 786 175
270 772 155 787 173
271 772 155 787 173
272 774 155 789 173
273 775 154 790 172
274 777 153 792 171
275 779 151 794 169
276 780 150 795 168
277 780 150 795 168
278 781 150 796 168
279 783 149 798 167
280 785 148 800 166
281 786 147 801 165
282 787 145 802 163
283 787 146 802 164
284 788 145 803 163
285 790 145 805 163
286 791 144 806 162
287 793 143 808 161
288 794 142 809 160
289 794 142 809 160
290 795 141 810 159
291 797 140 812 158
292 798 140 813 158
293 799 139 814 157
294 800 139 815 157
295 800 138 815 156
296 801 137 816 155
297 802 136 817 154
298 804 136 819 154
299 805 136 820 154
300 806 135 821 153
301 806 135 821 153
302 807 134 822 152
303 808 134 823 152
304 809 133 824 151
305 810 132 825 150
306 811 132 826 150
307 811 131 826 149
308 812 131 827 149
309 813 131 828 149
310 814 130 829 148
311 815 129 830 147
312 815 129 830 147
313 815 129 830 147
314 816 129 831 147
315 817 128 832 146
316 817 128 832 146
317 818 127 833 145
318 819 126 834 144
319 819 126 834 144
320 819 126 834 144
321 820 126 835 144
322 821 126 836 144
323 821 125 836 143
324 822 125 837 143
325 822 125 837 143
326 823 124 838 142
327 823 123 838 141
328 824 123 839 141
329 825 123 840 141
330 825 123 840 141
331 826 123 841 141
332 826 123 841 141
333 826 122 841 140
334 827 122 842 140
335 827 121 842 139
336 827 121 842 139
337 827 121 842 139
338 828 121 843 139
339 828 121 843 139
340 829 121 844 139
341 829 121 844 139
342 829 120 844 138
343 830 120 845 138
344 830 120 845 138
345 830 120 845 138
346 830 120 845 138
347 831 119 846 137
348 831 119 846 137
349 831 119 846 137
350 831 118 846 136
351 832 118 847 136
352 832 118 847 136
353 832 118 847 136
354 832 118 847 136
355 832 118 847 136
356 832 118 847 136
357 832 118 847 136
358 832 118 847 136
359 833 118 848 136
360 833 118 848 136
361 832 118 847 136
362 833 118 848 136
363 832 118 847 136
364 833 118 848 136
365 832 118 847 136
366 833 118 848 136
367 832 118 847 136
368 833 118 848 136
369 832 118 847 136
370 833 118 848 136
371 833 118 848 136
372 833 118 848 136
373 833 118 848 136
374 833 118 848 136
375 833 118 848 136
376 833 118 848 136
377 833 118 848 136
378 832 118 847 136
379 833 118 848 136
380 833 118 848 136
381 833 118 848 136
382 833 118 848 136
383 833 118 848 136
384 833 118 848 136
385 833 118 848 136
386 833 118 848 136
387 833 118 848 136
