388 -1 -1 -1 -1
0 600 553 621 574

1 600 553 621 574
2 600 553 621 574
3 599 553 620 574
4 599 552 620 573
5 599 553 620 574
6 599 553 620 574
7 599 553 620 574
8 597 551 621 575
9 599 552 620 573
10 599 552 620 573
11 597 551 621 575
12 599 552 620 573
13 599 552 620 573
14 597 551 621 575
15 599 552 620 573
16 597 551 621 575
17 599 552 620 573
18 599 552 620 573
19 597 550 621 574
20 599 551 621 573
21 599 553 620 574
22 599 552 620 573
23 597 551 621 575
24 599 552 620 573
25 599 552 620 573
26 597 551 621 575
27 599 552 620 573
28 599 552 620 573
29 597 550 621 574
30 599 551 621 573
31 599 553 620 574
32 599 552 620 573
33 597 551 621 575
34 599 552 620 573
35 599 552 620 573
36 597 551 621 575
37 599 552 620 573
38 599 552 620 573
39 597 551 621 575
40 599 552 620 573
41 599 552 620 573
42 599 552 620 573
43 597 551 621 575
44 599 552 620 573
45 599 552 620 573
46 597 551 621 575
47 599 552 620 573
48 599 552 620 573
49 597 551 621 575
50 599 552 620 573
51 599 552 620 573
52 597 551 621 575
53 599 552 620 573
54 599 552 620 573
55 597 551 621 575
56 599 552 620 573
57 599 552 620 573
58 597 551 621 575
59 599 552 620 573
60 599 553 620 574
61 597 551 621 575
62 599 553 620 574
63 599 553 620 574
64 600 554 619 573
65 600 554 617 571
66 599 552 620 573
67 599 552 620 573
68 597 551 621 575
69 599 552 620 573
70 599 552 620 573
71 597 551 621 575
72 599 552 620 573
73 599 552 620 573
74 599 552 620 573
75 597 551 621 575
76 599 552 620 573
77 599 552 620 573
78 597 551 621 575
79 599 552 620 573
80 599 552 620 573
81 599 552 620 573
82 597 551 621 575
83 599 553 620 574
84 600 554 619 573
85 599 552 620 573
86 599 552 620 573
87 601 554 623 576
88 618 567 639 588
89 632 578 653 599
90 643 577 663 597
91 644 577 663 596
92 649 568 669 588
93 655 561 675 581
94 662 553 681 572
95 666 545 686 565
96 670 538 690 558
97 670 538 690 558
98 675 531 695 551
99 681 524 701 544
100 686 518 706 538
101 690 511 710 531
102 696 506 715 525
103 695 505 715 525
104 701 499 720 518
105 705 492 724 511
106 710 486 729 505
107 714 479 734 499
108 719 474 739 494
109 719 474 739 494
110 724 468 743 487
111 727 461 747 481
112 732 456 752 476
113 735 448 756 469
114 741 444 761 464
115 741 444 760 463
116 745 438 764 457
117 749 432 769 452
118 753 427 773 447
119 757 420 777 440
120 762 415 782 435
121 761 416 781 436
122 765 410 785 430
123 771 405 790 424
124 774 400 793 419
125 777 395 797 415
126 782 390 801 409
127 782 390 800 408
128 786 386 804 404
129 790 380 809 399
130 793 375 811 393
131 797 370 816 389
132 800 365 819 384
133 800 364 820 384
134 804 360 824 380
135 808 355 828 375
136 812 351 831 370
137 815 345 835 365
138 818 341 838 361
139 819 341 839 361
140 822 337 842 357
141 825 332 845 352
142 829 328 849 348
143 833 323 853 343
144 835 319 855 339
145 836 319 856 339
146 839 315 859 335
147 842 311 862 331
148 846 306 866 326
149 849 302 869 322
150 852 298 872 318
151 852 298 872 318
152 855 293 875 313
153 859 289 879 309
154 861 286 881 306
155 865 282 885 302
156 867 277 887 297
157 867 277 887 297
158 872 274 891 293
159 874 270 892 288
160 878 267 896 285
161 881 264 898 281
162 884 259 902 277
163 884 259 902 277
164 887 256 904 273
165 890 252 907 269
166 892 248 909 265
167 896 245 913 262
168 898 241 915 258
169 899 242 916 259
170 901 238 919 256
171 904 234 923 253
172 906 230 925 249
173 910 228 928 246
174 911 224 930 243
175 911 224 929 242
176 909 222 926 239
177 906 219 923 236
178 904 217 921 234
179 902 214 918 230
180 900 211 916 227
181 900 211 916 227
182 897 208 913 224
183 895 205 911 221
184 892 202 908 218
185 890 200 905 215
186 889 197 905 213
187 888 197 904 213
188 886 195 902 211
189 885 192 900 207
190 883 190 898 205
191 881 187 896 202
192 879 184 895 200
193 879 184 894 199
194 877 182 893 198
195 874 179 889 194
196 872 178 887 193
197 871 175 886 190
198 868 172 883 187
199 869 172 884 187
200 867 170 882 185
201 865 168 880 183
202 863 166 878 181
203 861 163 877 179
204 859 161 874 176
205 859 161 875 177
206 857 158 873 174
207 855 156 870 171
208 854 154 868 168
209 852 152 866 166
210 851 149 865 163
211 851 150 865 164
212 849 148 863 162
213 847 145 861 159
214 845 144 859 158
215 844 142 858 156
216 843 140 857 154
217 842 140 856 154
218 841 137 855 151
219 839 135 854 150
220 838 134 853 149
221 836 131 851 146
222 835 130 850 145
223 834 130 849 145
224 833 128 848 143
225 831 126 846 141
226 830 124 845 139
227 828 123 843 138
228 827 120 842 135
229 827 121 842 136
230 826 118 841 133
231 824 117 839 132
232 823 116 838 131
233 821 114 836 129
234 820 112 835 127
235 820 111 835 126
236 819 111 834 126
237 817 108 832 123
238 816 107 831 122
239 815 104 830 119
240 813 104 828 119
241 813 103 828 118
242 812 102 827 117
243 811 99 826 114
244 809 99 824 114
245 809 97 824 112
246 807 96 822 111
247 807 96 822 111
248 806 95 821 110
249 805 93 821 109
250 803 90 818 105
251 803 90 818 105
252 802 87 817 102
253 802 88 817 103
254 800 86 815 101
255 799 85 814 100
256 799 84 814 99
257 798 82 813 97
258 795 82 810 97
259 796 81 811 96
260 795 80 810 95
261 794 78 809 93
262 793 77 808 92
263 792 76 807 91
264 791 74 806 89
265 791 75 806 90
266 790 73 805 88
267 790 72 805 87
268 789 71 804 86
269 788 70 803 85
270 786 69 801 84
271 786 69 801 84
272 786 68 801 83
273 785 67 799 81
274 784 66 798 80
275 783 67 797 81
276 783 68 797 82
277 783 68 798 83
278 783 68 798 83
279 782 69 797 84
280 782 70 797 85
281 782 70 797 85
282 781 71 796 86
283 781 71 796 86
284 781 72 796 87
285 781 72 796 87
286 780 73 795 88
287 780 73 795 88
288 779 73 794 88
289 780 74 795 89
290 779 74 794 89
291 779 75 794 90
292 778 75 793 90
293 778 76 793 91
294 778 76 793 91
295 778 76 793 91
296 778 77 793 92
297 777 77 792 92
298 777 77 792 92
299 777 78 792 93
300 777 78 793 94
301 776 78 791 93
302 777 79 792 94
303 776 79 791 94
304 776 80 791 95
305 776 80 791 95
306 776 80 792 96
307 775 80 791 96
308 775 80 791 96
309 775 80 791 96
310 775 82 790 97
311 775 82 790 97
312 775 83 790 98
313 775 83 790 98
314 775 83 790 98
315 774 83 789 98
316 775 84 790 99
317 774 83 789 98
318 774 84 789 99
319 774 84 789 99
320 775 84 790 99
321 775 84 790 99
322 775 85 790 100
323 774 85 789 100
324 774 85 789 100
325 774 86 789 101
326 774 85 789 100
327 773 85 789 101
328 774 85 789 100
329 774 85 789 100
330 774 86 790 102
331 773 85 789 101
332 773 85 789 101
333 774 85 790 101
334 773 85 789 101
335 773 85 789 101
336 774 85 790 101
337 773 85 789 101
338 773 85 789 101
339 773 85 789 101
340 773 85 789 101
341 773 85 789 101
342 773 85 789 101
343 773 85 789 101
344 773 85 789 101
345 774 86 789 101
346 773 86 789 102
347 773 85 789 101
348 773 85 789 101
349 773 85 789 101
350 774 86 789 101
351 773 85 789 101
352 774 85 790 101
353 773 85 789 101
354 773 86 789 102
355 774 85 790 101
356 773 86 789 102
357 773 85 789 101
358 773 85 789 101
359 773 85 789 101
360 774 86 789 101
361 773 85 789 101
362 773 85 789 101
363 773 85 789 101
364 773 85 789 101
365 773 85 789 101
366 773 85 789 101
367 773 85 789 101
368 773 86 789 102
369 773 85 789 101
370 774 86 789 101
371 773 86 789 102
372 773 85 789 101
373 774 86 789 101
374 773 86 789 102
375 773 85 789 101
376 773 85 789 101
377 773 85 789 101
378 773 85 789 101
379 773 85 789 101
380 773 85 789 101
381 773 85 789 101
382 773 85 789 101
383 773 85 789 101
384 773 85 789 101
385 773 85 789 101
386 773 85 789 101
387 773 85 789 101
