195 -1 -1 -1 -1
0 367 401 386 421
1 366 401 385 421
2 366 401 385 421
3 366 401 385 421
4 366 401 385 421
5 365 401 385 422
6 365 401 384 421
7 366 402 386 423
8 365 401 386 423
9 365 400 387 423
10 365 401 387 424
11 365 401 386 423
12 365 401 385 422
13 365 401 386 423
14 365 400 387 423
15 365 400 387 423
16 365 401 387 424
17 365 402 386 424
18 365 400 387 423
19 365 400 387 423
20 365 401 387 424
21 365 401 386 423
22 365 400 387 423
23 365 400 387 423
24 365 401 387 424
25 365 401 386 423
26 365 401 385 422
27 365 401 385 422
28 365 401 386 423
29 364 401 385 423
30 364 400 386 423
31 365 401 386 423
32 365 400 387 423
33 365 400 387 423
34 365 401 386 423
35 365 400 387 423
36 372 402 394 425
37 381 404 403 427
38 388 404 410 427
39 389 405 410 427
40 396 406 416 427
41 404 407 425 429
42 412 409 433 431
43 419 410 440 432
44 427 412 448 434
45 427 412 448 434
46 435 413 456 435
47 443 415 464 437
48 458 417 480 440
49 459 417 481 440
50 467 420 488 442
51 475 421 495 442
52 481 422 502 444
53 489 424 510 446
54 497 425 518 447
55 497 424 519 447
56 504 426 526 449
57 512 428 534 451
58 520 429 542 452
59 527 430 549 453
60 535 432 557 455
61 535 431 557 454
62 542 433 564 456
63 550 435 572 458
64 556 436 578 459
65 565 437 587 460
66 571 438 593 461
67 571 439 593 462
68 579 440 601 463
69 586 441 608 464
70 594 443 616 466
71 600 444 622 467
72 608 445 630 468
73 615 446 637 469
74 623 448 645 471
75 629 449 650 471
76 636 451 657 473
77 637 450 657 471
78 645 452 665 473
79 651 453 671 474
80 659 454 679 475
81 665 455 685 476
82 673 457 693 478
83 673 457 693 478
84 679 458 699 479
85 680 458 700 479
86 687 460 706 480
87 694 461 714 482
88 700 462 720 483
89 708 464 728 485
90 714 464 734 485
91 720 466 741 488
92 727 467 748 489
93 735 467 756 489
94 735 467 756 489
95 741 468 762 490
96 748 469 769 491
97 754 471 775 493
98 761 472 782 494
99 769 473 790 495
100 768 473 789 495
101 774 475 795 497
102 782 476 803 498
103 788 477 809 499
104 795 479 815 500
105 801 480 821 501
106 801 479 822 501
107 807 481 828 503
108 814 482 835 504
109 815 482 836 504
110 821 483 842 505
111 827 484 848 506
112 827 485 848 507
113 833 485 854 507
114 835 487 856 509
115 837 488 858 510
116 840 489 861 511
117 842 490 863 512
118 842 490 863 512
119 843 491 864 513
120 845 492 867 515
121 847 494 868 516
122 848 494 869 516
123 848 495 869 517
124 849 496 870 518
125 851 497 872 519
126 853 498 874 520
127 854 499 875 521
128 855 500 876 522
129 856 500 877 522
130 857 501 878 523
131 859 502 880 524
132 860 503 881 525
133 862 504 883 526
134 863 505 884 527
135 864 505 885 527
136 865 506 886 528
137 867 507 888 529
138 867 508 888 530
139 869 508 890 530
140 871 509 892 531
141 871 509 892 531
142 872 510 893 532
143 873 511 894 533
144 874 512 895 534
145 876 512 897 534
146 876 512 897 534
147 877 513 898 535
148 878 514 899 536
149 879 514 900 536
150 880 516 901 538
151 882 516 903 538
152 882 517 903 539
153 882 517 903 539
154 884 518 905 540
155 885 518 906 540
156 886 520 907 542
157 887 520 908 542
158 887 520 908 542
159 889 521 910 543
160 890 522 911 544
161 891 522 912 544
162 892 523 913 545
163 893 523 914 545
164 894 524 915 546
165 895 524 916 546
166 895 525 916 547
167 896 525 917 547
168 896 526 917 548
169 897 526 918 548
170 898 526 919 548
171 899 527 920 549
172 899 527 920 549
173 899 527 920 549
174 899 527 920 549
175 900 528 921 550
176 901 528 922 550
177 901 529 922 551
178 902 529 923 551
179 902 529 923 551
180 902 529 923 551
181 902 529 923 551
182 903 530 924 552
183 903 530 924 552
184 903 530 924 552
185 904 530 925 552
186 904 531 925 553
187 905 531 926 553
188 905 531 926 553
189 905 531 926 553
190 905 531 926 553
191 905 531 926 553
192 905 531 926 553
193 905 532 926 554
194 906 531 927 553
