195 -1 -1 -1 -1
0 854 486 874 507
1 854 486 874 507
2 854 486 874 507
3 854 486 874 507
4 854 486 874 507
5 856 486 873 504
6 854 486 873 506
7 854 485 874 506
8 855 487 873 506
9 855 486 871 503
10 854 485 873 505
11 854 485 874 506
12 854 485 874 506
13 854 486 874 507
14 854 485 874 506
15 854 486 874 507
16 854 485 874 506
17 854 486 874 507
18 854 485 874 506
19 854 486 874 507
20 854 485 874 506
21 854 486 874 507
22 855 487 874 507
23 854 485 874 506
24 855 486 874 506
25 854 485 874 506
26 854 485 874 506
27 854 486 874 507
28 854 486 874 507
29 854 486 874 507
30 854 485 874 506
31 855 487 874 507
32 854 485 874 506
33 854 486 874 507
34 854 486 873 506
35 854 485 874 506
36 854 485 874 506
37 854 485 874 506
38 854 486 873 506
39 854 485 873 505
40 854 485 874 506
41 854 485 874 506
42 854 486 873 506
43 854 485 873 505
44 854 485 874 506
45 854 485 874 506
46 854 486 873 506
47 854 485 873 505
48 854 485 874 506
49 854 485 874 506
50 854 486 873 506
51 854 485 873 505
52 854 485 874 506
53 854 485 874 506
54 855 487 874 507
55 854 485 874 506
56 854 485 874 506
57 854 486 873 506
58 854 485 873 505
59 854 485 874 506
60 854 486 874 507
61 854 485 875 507
62 854 486 874 507
63 855 486 874 506
64 854 485 873 505
65 854 486 873 506
66 854 486 873 506
67 854 486 873 506
68 854 486 874 507
69 854 485 875 507
70 854 486 874 507
71 854 485 875 507
72 854 486 874 507
73 855 486 874 506
74 854 485 873 505
75 854 485 873 505
76 854 485 873 505
77 854 485 873 505
78 854 486 873 506
79 854 486 873 506
80 854 486 873 506
81 854 486 873 506
82 854 486 873 506
83 854 486 873 506
84 855 487 873 506
85 854 486 871 504
86 854 485 873 505
87 854 486 873 506
88 855 487 873 506
89 854 487 872 506
90 854 486 873 506
91 854 486 873 506
92 854 485 873 505
93 854 486 873 506
94 854 486 873 506
95 854 486 873 506
96 854 486 873 506
97 854 485 873 505
98 854 486 873 506
99 854 486 873 506
100 855 486 874 506
101 854 486 873 506
102 854 485 873 505
103 854 485 873 505
104 854 486 873 506
105 854 486 873 506
106 854 486 873 506
107 856 487 873 505
108 854 486 873 506
109 854 486 873 506
110 854 486 873 506
111 854 485 873 505
112 854 486 873 506
113 855 486 874 506
114 858 486 877 506
115 862 485 881 505
116 866 485 885 505
117 869 484 890 506
118 870 485 890 506
119 872 485 893 507
120 876 485 897 507
121 880 485 900 506
122 883 485 903 506
123 883 485 904 507
124 886 485 907 507
125 889 485 909 506
126 892 485 913 507
127 895 485 916 507
128 898 485 919 507
129 898 485 919 507
130 901 485 921 506
131 904 484 924 505
132 907 485 927 506
133 910 484 929 504
134 913 483 933 504
135 914 485 933 505
136 915 484 934 504
137 919 485 938 505
138 918 484 937 504
139 916 484 935 504
140 916 484 935 504
141 915 483 934 503
142 912 483 932 504
143 912 484 932 505
144 911 483 932 505
145 910 483 930 504
146 910 484 929 504
147 907 483 927 504
148 906 484 926 505
149 904 484 924 505
150 903 484 922 504
151 902 483 921 503
152 902 483 922 504
153 900 484 920 505
154 900 484 919 504
155 899 484 918 504
156 896 484 915 504
157 896 483 916 504
158 896 483 917 505
159 894 483 914 504
160 894 484 913 504
161 893 483 912 503
162 892 483 911 503
163 891 482 911 503
164 891 483 911 504
165 890 483 910 504
166 890 483 909 503
167 889 483 908 503
168 888 482 908 503
169 888 484 907 504
170 888 483 907 503
171 887 482 907 503
172 887 483 907 504
173 887 482 907 503
174 887 483 907 504
175 886 483 905 503
176 886 483 905 503
177 885 482 905 503
178 885 483 905 504
179 885 483 905 504
180 885 483 905 504
181 885 482 905 503
182 884 483 904 504
183 884 482 904 503
184 884 483 904 504
185 884 483 904 504
186 884 483 904 504
187 884 483 904 504
188 884 483 903 503
189 884 482 903 502
190 884 482 903 502
191 884 482 903 502
192 884 482 903 502
193 884 483 903 503
194 884 482 903 502
