196 -1 -1 -1 -1
0 593 51 615 70
1 594 52 613 68
2 595 53 613 68
3 593 51 615 70
4 593 51 615 70
5 595 53 613 68
6 593 51 615 70
7 595 53 613 68
8 593 51 615 70
9 593 51 615 70
10 595 53 613 68
11 593 51 615 70
12 593 52 613 69
13 593 50 614 68
14 593 51 614 69
15 594 52 613 68
16 595 53 613 68
17 593 51 614 69
18 595 53 613 69
19 593 50 614 68
20 593 51 614 69
21 593 51 614 69
22 594 53 612 69
23 593 51 614 69
24 594 52 613 68
25 595 53 613 68
26 593 51 614 69
27 595 53 613 69
28 593 51 614 69
29 593 51 614 69
30 594 53 612 69
31 593 50 614 68
32 593 51 614 69
33 593 51 614 69
34 594 53 612 69
35 594 52 612 68
36 593 51 614 69
37 593 51 614 69
38 594 53 612 69
39 593 50 614 68
40 593 51 614 69
41 593 51 614 69
42 594 53 612 69
43 594 52 612 68
44 593 51 614 69
45 593 51 614 69
46 593 52 612 68
47 586 50 605 66
48 579 57 599 74
49 573 66 594 84
50 567 75 588 93
51 565 74 589 95
52 559 81 585 104
53 555 91 579 112
54 550 98 575 120
55 545 106 570 128
56 540 114 565 136
57 540 114 565 136
58 535 122 560 144
59 531 131 554 151
60 525 139 550 161
61 521 148 545 169
62 517 157 539 176
63 515 156 540 178
64 510 164 535 186
65 506 173 530 194
66 501 181 525 202
67 494 189 520 212
68 490 199 513 219
69 489 199 514 221
70 484 207 510 230
71 479 217 504 239
72 473 226 499 249
73 467 234 495 258
74 461 243 489 267
75 460 243 488 267
76 456 252 483 275
77 450 261 478 285
78 444 271 471 294
79 438 280 466 304
80 433 290 460 313
81 432 291 460 315
82 426 300 454 324
83 421 309 449 333
84 415 320 443 344
85 408 331 436 355
86 402 341 430 365
87 402 341 430 365
88 396 351 423 374
89 389 362 416 385
90 383 372 411 396
91 376 383 403 406
92 370 395 396 418
93 370 395 397 418
94 363 404 392 429
95 354 417 384 443
96 349 427 379 453
97 340 440 370 466
98 334 449 365 476
99 333 450 365 478
100 327 461 359 489
101 318 474 351 503
102 311 485 345 515
103 304 497 338 527
104 295 511 329 541
105 295 511 329 541
106 288 521 323 552
107 278 534 314 566
108 271 546 307 578
109 262 561 298 593
110 254 572 291 605
111 253 572 291 606
112 245 585 284 620
113 237 601 275 635
114 231 614 268 647
115 228 624 265 657
116 218 629 255 662
117 219 629 254 660
118 217 629 252 660
119 216 633 251 664
120 210 637 244 667
121 191 637 225 667
122 193 637 227 667
123 191 638 225 668
124 194 638 229 669
125 193 638 228 669
