196 -1 -1 -1 -1
0 859 519 890 550
1 859 519 890 550
2 859 519 890 550
3 860 519 890 549
4 860 520 889 549
5 859 518 889 548
6 859 518 889 548
7 859 518 889 548
8 860 519 889 548
9 859 519 889 549
10 859 519 889 549
11 859 518 889 548
12 859 518 889 548
13 858 518 888 548
14 858 517 890 549
15 858 518 890 550
16 858 518 890 550
17 857 517 892 552
18 857 518 891 552
19 857 517 892 552
20 857 518 891 552
21 857 517 892 552
22 857 518 891 552
23 851 504 887 540
24 829 468 865 504
25 808 431 846 469
26 789 397 826 434
27 788 395 826 433
28 770 364 808 402
29 753 336 791 374
30 737 307 776 346
31 722 281 760 319
32 707 255 746 294
33 707 253 747 293
34 694 230 734 270
35 682 209 722 249
36 670 188 709 227
37 659 168 698 207
38 647 148 687 188
39 646 147 688 189
40 637 130 679 172
41 628 114 668 154
42 618 96 660 138
43 609 81 651 123
44 602 66 642 106
45 602 66 642 106
46 593 51 633 91
47 597 48 635 86
48 604 48 640 84
49 609 47 643 81
50 613 45 648 80
51 613 45 648 80
52 618 44 652 78
53 621 42 656 77
54 627 42 661 76
55 631 43 663 75
56 636 44 665 73
57 635 45 664 74
58 639 46 668 75
59 642 45 672 75
60 646 47 675 76
61 650 48 679 77
62 653 49 682 78
63 653 49 682 78
64 656 48 688 80
65 659 50 693 84
66 663 50 696 83
67 666 51 699 84
68 671 53 701 83
69 670 52 700 82
70 673 53 703 83
71 677 54 707 84
72 680 55 712 87
73 683 56 715 88
74 686 57 719 90
75 686 57 718 89
76 689 57 723 91
77 692 58 726 92
78 695 59 729 93
79 699 60 731 92
80 701 60 735 94
81 702 61 734 93
82 705 62 737 94
83 708 62 741 95
84 713 64 742 93
85 714 65 743 94
86 718 66 747 95
87 717 65 747 95
88 721 66 750 95
89 724 67 754 97
90 726 67 756 97
91 731 69 759 97
92 733 70 762 99
93 732 69 762 99
94 735 69 765 99
95 739 71 767 99
96 739 71 769 101
97 742 71 774 103
98 745 72 777 104
99 744 72 777 105
100 748 73 780 105
101 749 73 782 106
102 753 74 785 106
103 753 74 788 109
104 757 75 791 109
105 757 75 791 109
106 759 75 793 109
107 762 76 795 109
108 764 77 798 111
109 767 78 800 111
110 769 79 802 112
111 767 77 803 113
112 771 79 803 111
113 773 79 808 114
114 776 79 810 113
115 778 81 810 113
116 780 81 813 114
117 780 81 812 113
118 783 82 815 114
119 784 83 817 116
120 787 83 819 115
121 788 84 821 117
122 791 84 823 116
123 789 84 823 118
124 793 84 826 117
125 795 85 827 117
126 796 85 829 118
127 798 86 830 118
128 802 87 832 117
129 801 87 831 117
130 804 88 832 116
131 807 90 833 116
132 808 90 835 117
133 809 89 838 118
134 810 90 838 118
135 810 89 840 119
136 812 90 840 118
137 813 91 842 120
138 816 91 844 119
139 817 91 846 120
140 818 91 848 121
141 818 91 847 120
142 820 91 850 121
143 821 92 850 121
144 823 93 852 122
145 823 92 853 122
146 825 93 854 122
147 825 93 854 122
148 827 94 855 122
149 829 94 859 124
150 829 93 859 123
151 831 94 860 123
152 830 94 862 126
153 830 93 863 126
154 832 94 864 126
155 834 95 864 125
156 834 95 864 125
157 836 95 865 124
158 836 95 866 125
159 838 96 866 124
160 838 96 868 126
161 839 96 868 125
162 840 97 869 126
163 841 97 871 127
164 841 96 871 126
165 841 96 871 126
166 842 96 872 126
167 843 96 873 126
168 844 97 873 126
169 847 98 875 126
170 846 98 875 127
171 845 97 875 127
172 847 98 875 126
173 848 98 877 127
174 848 98 877 127
175 849 98 878 127
176 851 99 879 127
177 849 98 879 128
178 850 98 879 127
179 849 98 879 128
180 851 98 880 127
181 851 98 881 128
182 853 99 881 127
183 852 99 881 128
184 851 98 881 128
185 853 99 881 127
186 852 99 881 128
187 853 99 882 128
188 853 99 882 128
189 853 99 882 128
190 853 99 882 128
191 833 101 862 130
192 864 100 893 129
193 838 112 867 141
194 845 95 874 124
195 845 95 874 124
