156 -1 -1 -1 -1
0 941 357 962 379
1 940 356 962 379
2 941 358 962 380
3 941 358 962 380
4 941 358 962 380
5 941 358 962 380
6 941 358 962 380
7 941 358 962 380
8 941 358 962 380
9 941 358 962 380
10 941 358 962 380
11 941 358 962 380
12 941 358 962 380
13 941 358 962 380
14 941 358 962 380
15 932 352 952 373
16 896 334 916 355
17 897 334 917 355
18 861 315 881 336
19 823 295 844 317
20 790 277 810 298
21 758 260 778 281
22 727 243 746 263
23 725 243 745 264
24 697 228 716 248
25 667 212 687 233
26 637 195 657 216
27 610 181 630 202
28 586 169 606 190
29 585 168 606 190
30 561 155 582 177
31 532 138 555 162
32 531 135 554 159
33 535 133 559 158
34 538 133 562 158
35 538 133 562 158
36 542 134 564 157
37 545 132 568 156
38 548 132 571 156
39 552 132 574 155
40 556 131 578 154
41 556 132 578 155
42 559 131 581 154
43 563 131 584 153
44 565 131 586 153
45 569 131 590 153
46 570 130 592 153
47 570 130 592 153
48 574 130 596 153
49 577 130 599 153
50 580 128 602 151
51 582 128 605 152
52 584 127 608 152
53 584 127 608 152
54 587 126 611 151
55 589 126 613 151
56 592 126 616 151
57 594 126 617 150
58 597 126 620 150
59 597 126 620 150
60 600 125 623 149
61 602 125 624 148
62 605 126 627 149
63 607 126 628 148
64 611 126 631 147
65 611 125 631 146
66 611 125 631 146
67 614 125 634 146
68 616 124 636 145
69 618 123 638 144
70 620 124 640 145
71 620 123 640 144
72 622 124 642 145
73 624 125 644 146
74 626 124 646 145
75 629 124 649 145
76 630 125 650 146
77 630 123 651 145
78 631 124 652 146
79 633 123 654 145
80 634 122 656 145
81 635 122 657 145
82 637 122 659 145
83 637 122 659 145
84 638 121 660 144
85 640 121 662 144
86 642 121 663 143
87 643 121 664 143
88 645 121 666 143
89 645 121 666 143
90 646 120 667 142
91 647 120 668 142
92 649 120 670 142
93 650 120 671 142
94 651 120 672 142
95 651 119 672 141
96 652 119 673 141
97 653 119 674 141
98 653 118 675 141
99 656 119 677 141
100 656 119 677 141
101 656 119 677 141
102 657 119 678 141
103 657 119 678 141
104 658 119 679 141
105 659 118 680 140
106 660 118 681 140
107 659 118 680 140
108 660 118 682 141
109 661 118 682 140
110 661 118 682 140
111 661 118 683 141
112 662 117 683 139
113 662 117 683 139
114 663 117 684 139
115 663 117 684 139
116 664 117 685 139
117 663 117 684 139
118 664 118 685 140
119 664 117 685 139
120 664 117 685 139
121 664 117 685 139
122 664 117 685 139
123 664 117 685 139
124 664 117 685 139
125 664 118 685 140
126 664 117 685 139
127 664 117 685 139
128 665 117 686 139
129 665 117 686 139
130 664 117 685 139
131 664 118 685 140
132 664 117 685 139
133 664 117 685 139
134 664 117 685 139
135 664 117 685 139
136 664 117 685 139
137 664 117 685 139
138 664 118 685 140
139 664 118 685 140
140 664 118 685 140
141 664 117 685 139
142 664 117 685 139
143 664 117 685 139
144 663 117 684 139
145 664 117 685 139
146 664 117 685 139
147 664 117 685 139
148 663 117 684 139
149 664 117 685 139
150 663 117 685 140
151 663 117 685 140
152 664 118 685 140
153 664 117 686 140
154 664 117 686 140
155 664 117 686 140
