156 -1 -1 -1 -1
0 515 131 538 153
1 514 131 537 153
2 514 131 537 153
3 514 131 537 153
4 514 132 536 153
5 515 132 537 153
6 515 132 537 153
7 515 132 537 153
8 515 132 537 153
9 514 131 537 153
10 515 132 537 153
11 514 131 537 153
12 515 132 537 153
13 515 132 537 153
14 514 131 537 153
15 515 132 537 153
16 514 131 537 153
17 515 132 537 153
18 514 131 537 153
19 515 132 537 153
20 514 131 537 153
21 515 132 537 153
22 515 132 537 153
23 514 131 537 153
24 515 132 537 153
25 514 131 537 153
26 515 132 537 153
27 514 131 537 153
28 515 132 537 153
29 514 131 537 153
30 515 132 537 153
31 512 131 534 152
32 531 136 553 157
33 535 136 556 156
34 539 135 560 155
35 538 134 560 155
36 541 134 563 155
37 544 133 566 154
38 548 133 570 154
39 551 132 573 153
40 554 131 576 152
41 554 132 576 153
42 558 131 580 152
43 560 131 582 152
44 563 130 585 151
45 566 130 588 151
46 569 130 591 151
47 569 129 591 150
48 572 129 594 150
49 575 129 597 150
50 578 129 600 150
51 581 129 603 150
52 583 128 605 149
53 584 128 606 149
54 586 127 608 148
55 589 127 611 148
56 591 127 613 148
57 594 127 616 148
58 596 127 618 148
59 596 126 618 147
60 599 126 621 147
61 601 125 623 146
62 603 126 625 147
63 606 124 628 145
64 607 125 629 146
65 608 125 630 146
66 610 124 632 145
67 612 124 634 145
68 614 123 636 144
69 616 124 638 145
70 619 124 641 145
71 618 124 640 145
72 619 124 641 145
73 622 125 644 146
74 625 125 647 146
75 627 126 649 147
76 628 126 650 147
77 629 125 651 146
78 629 124 651 145
79 630 123 652 144
80 633 122 655 143
81 634 122 656 143
82 635 121 657 142
83 636 122 658 143
84 637 121 659 142
85 639 121 661 142
86 640 121 662 142
87 642 120 664 141
88 643 120 665 141
89 643 120 665 141
90 645 119 667 140
91 646 120 668 141
92 646 119 668 140
93 647 119 669 140
94 648 119 670 140
95 649 120 671 141
96 650 118 672 139
97 651 119 673 140
98 651 118 673 139
99 652 119 674 140
100 653 118 675 139
101 653 118 675 139
102 654 118 676 139
103 655 118 677 139
104 655 118 677 139
105 657 118 679 139
106 657 118 679 139
107 658 117 680 138
108 658 118 680 139
109 659 118 681 139
110 659 117 681 138
111 659 117 681 138
112 660 118 682 139
113 660 117 682 138
114 660 117 682 138
115 661 117 683 138
116 661 117 683 138
117 661 117 683 138
118 661 117 683 138
119 661 117 683 138
120 662 117 684 138
121 662 117 684 138
122 663 118 685 139
123 662 118 684 139
124 662 118 684 139
125 662 117 684 138
126 662 117 684 138
127 662 117 684 138
128 662 117 684 138
129 661 117 683 138
130 662 117 684 138
131 662 117 684 138
132 662 118 684 139
133 663 117 685 138
134 662 118 684 139
135 662 117 684 138
136 662 117 684 138
137 662 117 684 138
138 662 117 684 138
139 662 117 684 138
140 662 117 684 138
141 662 117 684 138
142 662 117 684 138
143 662 117 684 138
144 662 117 684 138
145 662 117 684 138
146 662 117 684 138
147 662 117 684 138
148 662 116 684 137
149 662 117 684 138
150 662 116 684 137
151 662 117 684 138
152 662 117 684 138
153 662 117 684 138
154 662 117 684 138
155 662 117 684 138
