156 -1 -1 -1 -1
0 739 512 761 534
1 738 512 760 534
2 739 512 761 534
3 739 512 761 534
4 739 512 761 534
5 739 512 761 534
6 739 512 761 534
7 739 512 761 534
8 739 512 761 534
9 739 512 761 534
10 739 512 761 534
11 739 512 761 534
12 739 512 761 534
13 739 512 761 534
14 739 512 761 534
15 739 512 761 534
16 739 512 761 534
17 739 512 761 534
18 739 512 761 534
19 739 512 761 534
20 738 512 760 534
21 739 512 761 534
22 738 512 760 534
23 739 512 761 534
24 739 512 761 534
25 738 512 760 534
26 739 512 761 534
27 738 512 760 534
28 719 512 741 534
29 688 513 710 535
30 688 513 710 535
31 657 514 679 536
32 645 514 667 536
33 644 513 666 535
34 645 512 665 532
35 645 511 664 530
36 646 511 665 530
37 646 509 666 529
38 647 507 667 527
39 647 506 667 526
40 648 505 668 525
41 649 503 669 523
42 649 503 669 523
43 650 502 670 522
44 650 501 670 521
45 651 499 671 519
46 652 498 672 518
47 653 497 674 518
48 653 497 674 518
49 653 496 675 518
50 654 494 676 516
51 655 493 677 515
52 656 492 678 514
53 657 491 679 513
54 657 492 679 514
55 658 489 680 511
56 658 489 680 511
57 659 488 681 510
58 660 486 682 508
59 660 485 682 507
60 661 485 683 507
61 661 484 683 506
62 662 484 683 505
63 663 483 685 505
64 663 481 685 503
65 663 480 685 502
66 663 480 685 502
67 664 479 686 501
68 664 478 687 501
69 664 476 688 500
70 665 475 689 499
71 666 475 689 498
72 665 475 689 499
73 666 474 690 498
74 667 474 690 497
75 668 472 692 496
76 668 472 691 495
77 668 471 691 494
78 669 471 692 494
79 669 471 692 494
80 670 471 691 492
81 671 469 692 490
82 672 469 693 490
83 672 468 692 488
84 672 468 692 488
85 672 467 692 487
86 673 467 692 486
87 674 466 694 486
88 672 465 694 487
89 627 446 650 469
90 627 446 651 470
91 628 447 651 470
92 596 467 619 490
93 585 461 607 483
94 594 434 616 456
95 567 431 589 453
96 566 431 587 452
97 537 432 558 453
98 535 416 556 437
99 515 414 536 435
100 538 403 559 424
101 539 407 560 428
102 540 406 561 427
103 516 408 537 429
104 494 405 515 426
105 469 404 490 425
106 447 402 468 423
107 426 399 447 420
108 425 398 446 419
109 409 398 430 419
110 394 396 415 417
111 377 396 398 417
112 368 396 389 417
113 358 397 379 418
114 358 396 379 417
115 350 397 371 418
116 347 399 368 420
117 344 399 365 420
118 341 401 362 422
119 339 401 360 422
120 338 401 359 422
121 336 401 357 422
122 335 401 356 422
123 334 401 355 422
124 332 401 353 422
125 331 402 352 423
126 331 402 352 423
127 330 403 351 424
128 330 403 351 424
129 329 404 350 425
130 329 404 350 425
131 329 404 350 425
132 328 404 349 425
133 329 404 350 425
134 329 404 350 425
135 329 404 350 425
136 330 404 351 425
137 331 404 352 425
138 331 404 352 425
139 332 403 353 424
140 334 401 355 422
141 338 398 359 419
142 343 397 364 418
143 349 395 370 416
144 348 395 369 416
145 355 394 376 415
146 363 393 384 414
147 369 392 390 413
148 377 391 398 412
149 384 390 405 411
150 384 390 405 411
151 393 390 414 411
152 402 390 423 411
153 380 393 401 414
154 366 396 387 417
