156 -1 -1 -1 -1
0 629 517 649 539
1 629 517 649 539
2 629 517 649 539
3 630 517 650 539
4 629 517 649 539
5 630 517 650 539
6 630 517 650 539
7 630 517 650 539
8 628 516 651 541
9 630 517 650 539
10 629 516 652 541
11 630 517 650 539
12 630 517 649 538
13 628 516 651 541
14 630 517 650 539
15 629 516 652 541
16 630 517 650 539
17 632 519 649 538
18 629 517 648 538
19 630 517 649 538
20 630 517 649 538
21 628 516 651 541
22 630 517 650 539
23 632 519 649 538
24 629 517 648 538
25 630 517 649 538
26 630 517 649 538
27 628 516 651 541
28 630 517 650 539
29 629 516 652 541
30 630 517 650 539
31 628 516 651 541
32 614 517 637 542
33 584 522 607 547
34 559 524 583 550
35 534 528 557 553
36 534 528 557 553
37 511 529 534 554
38 487 533 511 559
39 465 536 487 560
40 445 539 465 561
41 424 543 443 564
42 424 543 443 564
43 401 546 421 568
44 381 548 400 569
45 358 550 377 571
46 337 552 356 573
47 315 554 333 574
48 316 555 333 574
49 292 557 309 576
50 266 565 283 584
51 265 565 283 585
52 264 566 282 586
53 251 548 269 568
54 251 547 269 567
55 251 546 269 566
56 251 547 269 567
57 251 546 269 566
58 251 547 269 567
59 250 546 268 566
60 250 547 268 567
61 250 546 268 566
62 250 547 268 567
63 251 547 269 567
64 251 546 269 566
65 251 546 269 566
66 251 547 269 567
67 251 546 269 566
68 250 546 268 566
69 250 547 268 567
70 250 547 268 567
71 250 547 268 567
72 251 547 269 567
73 251 547 269 567
74 251 547 269 567
75 251 547 269 567
76 251 547 269 567
77 251 547 269 567
78 251 547 269 567
79 251 547 269 567
80 250 547 268 567
81 250 547 268 567
82 250 547 268 567
83 250 547 268 567
84 250 547 268 567
85 250 547 268 567
86 251 547 269 567
87 251 547 269 567
88 251 547 269 567
89 251 547 269 567
90 250 547 268 567
91 250 547 268 567
92 250 547 268 567
93 251 548 269 568
94 250 547 268 567
95 250 547 268 567
