284 -1 -1 -1 -1
0 440 506 460 525
1 439 506 459 525
2 440 507 460 526
3 440 506 460 525
4 440 506 460 525
5 440 506 460 525
6 440 506 460 525
7 439 506 459 525
8 440 506 460 525
9 440 506 460 525
10 440 506 460 525
11 440 506 460 525
12 440 506 460 525
13 439 506 459 525
14 440 506 460 525
15 440 506 460 525
16 440 507 460 526
17 440 506 460 525
18 440 506 460 525
19 472 504 492 523
20 476 505 496 524
21 480 505 499 523
22 480 506 498 523
23 495 506 514 524
24 497 503 516 521
25 495 503 514 521
26 497 504 515 521
27 501 497 519 514
28 501 494 519 511
29 504 498 522 515
30 509 500 527 517
31 513 503 531 520
32 512 504 530 521
33 512 505 530 522
34 514 504 532 521
35 513 505 531 522
36 514 505 532 522
37 513 505 531 522
38 514 505 532 522
39 514 504 533 522
40 511 507 530 525
41 510 505 529 523
42 511 507 529 524
43 511 504 529 521
44 512 505 529 521
45 512 505 530 522
46 512 505 529 521
47 512 506 529 522
48 512 507 530 524
49 512 507 528 523
50 512 507 528 523
51 512 508 528 524
52 512 507 529 523
53 512 506 529 522
54 513 507 529 523
55 512 507 529 523
56 512 507 528 523
57 512 508 528 523
58 514 509 529 523
59 513 509 528 523
60 514 509 529 523
61 514 509 529 523
62 514 508 529 522
63 512 508 527 522
64 512 505 527 519
65 511 502 526 516
66 508 497 523 511
67 508 494 522 507
68 509 493 524 507
69 505 489 520 503
70 504 485 519 499
71 499 480 514 494
72 495 476 510 490
73 492 472 507 486
74 491 471 506 485
75 488 468 503 482
76 483 463 498 477
77 477 459 492 473
78 473 453 488 467
79 465 447 480 461
80 464 446 479 460
81 457 439 472 453
82 449 429 464 443
83 442 418 457 432
84 432 404 447 418
85 432 405 447 419
86 429 397 443 410
87 429 397 444 411
88 431 395 445 408
89 412 379 426 392
90 386 364 400 377
91 363 358 377 371
92 333 351 347 364
93 331 352 345 365
94 314 345 328 358
95 298 339 312 352
96 316 305 330 318
97 317 303 331 316
98 317 302 331 315
99 317 303 331 316
100 316 302 330 315
101 316 303 330 316
102 316 303 330 316
103 317 303 331 316
104 317 303 331 316
105 317 302 331 315
106 316 303 330 316
107 316 302 330 315
108 316 303 330 316
109 316 303 330 316
110 316 302 330 315
111 316 303 330 316
112 316 302 330 315
113 317 303 331 316
114 317 303 331 316
115 317 302 331 315
116 317 303 331 316
117 317 302 331 315
118 317 303 331 316
119 317 303 331 316
120 317 302 331 315
121 317 303 331 316
122 317 303 331 316
123 317 303 331 316
124 317 303 331 316
125 317 302 331 315
126 317 303 331 316
127 317 303 331 316
128 317 302 331 315
129 317 303 331 316
130 317 303 331 316
131 317 302 331 315
132 317 303 331 316
133 317 303 331 316
134 317 302 331 315
135 317 303 331 316
136 317 303 331 316
137 317 302 331 315
138 317 303 331 316
139 317 303 331 316
140 317 302 331 315
141 317 303 331 316
142 317 303 331 316
143 317 302 331 315
144 317 303 331 316
145 317 303 331 316
146 317 302 331 315
147 317 303 331 316
148 316 303 330 316
149 317 302 331 315
150 317 303 331 316
151 317 303 331 316
152 317 302 331 315
153 317 303 331 316
154 317 303 331 316
155 317 302 331 315
156 317 303 331 316
157 317 303 331 316
158 317 302 331 315
159 317 303 331 316
160 317 303 331 316
161 317 302 331 315
162 317 303 331 316
163 317 303 331 316
164 317 302 331 315
165 317 303 331 316
166 317 303 331 316
167 317 303 331 316
168 317 302 331 315
169 317 303 331 316
170 317 303 331 316
171 317 302 331 315
172 317 303 331 316
173 317 303 331 316
174 317 302 331 315
175 317 303 331 316
176 317 303 331 316
177 317 303 331 316
178 317 302 331 315
179 317 303 331 316
180 317 303 331 316
181 317 302 331 315
182 317 303 331 316
183 317 303 331 316
184 317 303 331 316
185 317 302 331 315
186 317 303 331 316
187 317 303 331 316
188 317 303 331 316
189 317 302 331 315
190 317 303 331 316
191 317 303 331 316
192 317 303 331 316
193 317 302 331 315
194 317 303 331 316
195 317 303 331 316
196 317 303 331 316
197 317 302 331 315
198 317 303 331 316
199 317 303 331 316
200 317 302 331 315
201 317 303 331 316
202 317 303 331 316
203 317 303 331 316
204 317 302 331 315
205 317 303 331 316
206 317 303 331 316
207 317 303 331 316
208 317 302 331 315
209 317 303 331 316
210 317 303 331 316
211 317 303 331 316
212 317 302 331 315
213 317 303 331 316
214 317 303 331 316
215 317 302 331 315
216 317 303 331 316
217 317 303 331 316
218 317 303 331 316
219 317 302 332 316
220 317 303 331 316
221 317 303 331 316
222 317 302 331 315
223 317 303 331 316
224 317 303 331 316
225 317 302 331 315
226 317 303 331 316
227 317 303 331 316
228 317 303 331 316
229 317 302 331 315
230 317 303 331 316
231 317 303 331 316
232 317 302 331 315
233 317 303 331 316
234 317 303 331 316
235 317 303 331 316
236 317 303 331 316
237 317 303 331 316
238 317 303 331 316
239 317 302 331 315
240 317 303 331 316
241 317 303 331 316
242 316 301 332 317
243 317 303 331 316
244 317 303 331 316
245 317 303 331 316
246 317 302 331 315
247 317 303 331 316
248 317 303 331 316
249 316 301 332 317
250 317 303 331 316
251 317 303 331 316
252 317 303 331 316
253 316 301 332 317
254 317 303 331 316
255 317 303 331 316
256 317 302 331 315
257 317 303 331 316
258 317 303 331 316
259 317 303 331 316
260 317 302 331 315
261 317 303 331 316
262 317 303 331 316
263 316 301 332 317
264 317 303 331 316
265 317 303 331 316
266 317 303 331 316
267 316 301 332 317
268 317 303 331 316
269 317 303 331 316
270 317 303 331 316
