284 -1 -1 -1 -1
0 630 512 650 537
1 630 511 650 536
2 631 512 650 536
3 631 512 650 536
4 632 512 651 536
5 632 512 651 536
6 632 512 651 536
7 632 512 652 537
8 629 509 652 537
9 630 511 650 536
10 632 512 651 536
11 630 512 649 536
12 631 512 650 536
13 632 512 651 536
14 632 512 651 536
15 631 511 652 537
16 632 512 651 536
17 631 512 650 536
18 631 512 650 536
19 631 512 650 536
20 631 512 650 536
21 630 511 651 537
22 631 512 650 536
23 620 506 639 530
24 628 498 648 523
25 635 493 657 520
26 635 493 656 519
27 643 488 663 513
28 649 482 668 506
29 656 476 676 501
30 663 471 684 497
31 668 467 689 493
32 668 467 690 494
33 674 461 696 488
34 680 457 702 484
35 685 453 706 479
36 692 448 713 474
37 697 444 718 470
38 697 444 718 470
39 704 439 725 465
40 709 435 730 461
41 714 430 735 456
42 720 426 741 452
43 726 422 747 448
44 726 421 747 447
45 732 417 753 443
46 738 413 759 439
47 743 409 764 435
48 748 405 769 431
49 753 400 774 426
50 754 400 774 425
51 759 397 779 422
52 764 392 783 416
53 770 388 789 412
54 774 384 793 408
55 780 380 799 404
56 780 381 799 405
57 785 377 804 401
58 790 373 809 397
59 795 369 814 393
60 800 366 819 390
61 804 362 823 386
62 805 362 824 386
63 809 359 828 383
64 814 356 833 380
65 819 352 838 376
66 824 348 843 372
67 828 344 847 368
68 828 344 847 368
69 833 341 852 365
70 837 338 856 362
71 841 334 860 358
72 846 330 865 354
73 851 327 870 351
74 851 328 870 352
75 855 324 874 348
76 859 321 878 345
77 864 317 883 341
78 867 315 886 339
79 872 311 891 335
80 873 311 892 335
81 877 308 896 332
82 880 305 899 329
83 885 302 904 326
84 890 299 909 323
85 890 299 909 323
86 893 296 912 320
87 894 296 913 320
88 893 293 912 317
89 888 291 907 315
90 882 288 901 312
91 876 286 895 310
92 872 283 891 307
93 871 283 890 307
94 866 280 885 304
95 860 278 879 302
96 856 276 875 300
97 851 273 870 297
98 846 271 865 295
99 846 270 865 294
100 840 268 859 292
101 836 266 855 290
102 832 264 851 288
103 827 262 846 286
104 823 260 842 284
105 822 260 841 284
106 818 258 837 282
107 814 256 832 279
108 810 254 828 277
109 805 251 824 275
110 801 249 820 273
111 801 249 820 273
112 796 247 815 271
113 792 245 811 269
114 787 243 806 267
115 783 241 802 265
116 778 238 797 262
117 779 239 798 263
118 775 237 794 261
119 771 235 790 259
120 767 232 786 256
121 763 231 782 255
122 759 229 778 253
123 759 229 778 253
124 755 227 774 251
125 750 225 769 249
126 747 223 766 247
127 744 221 762 244
128 740 219 758 242
129 739 219 757 242
130 735 218 754 242
131 731 216 750 240
132 728 214 747 238
133 724 212 743 236
134 721 211 740 235
135 717 208 736 232
136 714 207 732 230
137 710 206 728 229
138 707 204 724 226
139 703 203 720 225
140 703 202 720 224
141 700 201 717 223
142 697 199 714 221
143 693 197 711 220
144 690 196 707 218
145 687 194 703 215
146 688 195 704 216
147 684 194 700 215
148 681 191 698 213
149 677 188 695 211
150 674 188 692 211
151 671 186 688 208
152 671 186 687 207
153 668 185 685 207
154 664 182 682 205
155 663 182 680 204
156 659 180 676 202
157 628 189 646 212
158 627 189 645 212
159 627 189 646 213
160 626 189 645 213
161 627 190 645 213
162 627 189 645 212
163 627 189 645 212
164 627 190 645 213
165 628 190 645 212
166 626 189 642 210
167 627 191 643 212
168 627 190 644 212
169 627 189 645 212
170 627 189 645 212
171 627 190 645 213
172 627 190 645 213
173 627 190 644 212
174 627 189 643 210
175 626 190 644 213
176 627 190 645 213
177 627 190 644 212
178 628 189 644 210
179 627 190 645 213
180 627 190 645 213
181 627 190 645 213
182 627 190 645 213
183 628 190 646 213
184 627 190 644 212
185 628 189 644 210
186 627 190 645 213
187 627 190 645 213
188 627 190 645 213
189 628 190 646 213
190 627 190 644 212
191 628 189 644 210
192 627 190 645 213
193 627 190 644 212
194 628 189 644 210
195 627 190 645 213
196 627 190 644 212
197 628 189 644 210
198 627 190 645 213
199 627 190 644 212
200 628 189 644 210
201 627 190 645 213
202 628 190 646 213
203 627 190 644 212
204 628 189 644 210
205 628 190 646 213
206 627 190 645 213
207 627 190 645 213
208 627 189 645 212
209 627 189 645 212
210 628 190 646 213
211 627 190 645 213
212 628 191 645 213
213 627 189 645 212
214 628 189 646 212
215 627 190 645 213
216 627 190 645 213
217 628 190 646 213
218 627 190 645 213
219 628 190 645 212
220 628 190 644 211
221 629 191 645 211
222 627 189 644 211
223 628 190 644 211
224 628 191 644 212
225 627 189 645 212
226 627 190 645 213
227 627 190 645 213
228 627 190 645 213
229 627 190 645 213
230 628 191 644 212
231 627 189 645 212
232 627 189 645 212
233 627 190 645 213
234 627 190 645 213
235 627 190 645 213
236 628 191 644 212
237 627 189 645 212
238 627 189 645 212
239 627 190 645 213
240 627 190 645 213
241 627 190 645 213
242 627 190 645 213
243 627 190 645 213
244 627 190 645 213
245 627 190 645 213
246 628 190 646 213
247 627 190 645 213
248 628 191 644 212
249 628 189 646 212
250 627 189 645 212
251 627 190 645 213
252 628 190 646 213
253 627 190 645 213
254 627 190 645 213
255 628 190 646 213
256 627 190 645 213
257 627 190 645 213
258 627 189 645 212
259 627 190 645 213
260 627 190 645 213
261 627 189 645 212
262 627 190 645 213
263 627 190 645 213
264 627 189 645 212
265 627 190 645 213
266 627 190 645 213
267 627 189 645 212
268 627 190 645 213
269 628 190 646 213
270 627 189 645 212
