280 -1 -1 -1 -1
0 614 434 635 455

1 614 434 635 455
2 614 434 635 455
3 613 434 634 455
4 614 433 635 454
5 614 434 635 455
6 614 434 635 455
7 614 434 635 455
8 614 434 635 455
9 614 433 635 454
10 614 434 635 455
11 615 435 634 454
12 613 434 633 454
13 613 433 633 453
14 614 434 633 453
15 613 433 633 453
16 613 433 633 453
17 613 433 633 453
18 613 433 633 453
19 614 434 633 453
20 613 433 633 453
21 613 433 633 453
22 613 433 633 453
23 613 433 633 453
24 613 433 633 453
25 614 434 633 453
26 613 433 633 453
27 613 433 633 453
28 613 433 633 453
29 613 433 633 453
30 613 433 633 453
31 613 433 633 453
32 614 434 633 453
33 613 433 633 453
34 613 433 633 453
35 613 433 633 453
36 613 433 633 453
37 613 433 633 453
38 613 433 633 453
39 613 433 633 453
40 613 434 633 454
41 613 433 633 453
42 613 433 633 453
43 614 434 633 453
44 613 433 633 453
45 613 433 633 453
46 613 433 633 453
47 614 434 633 453
48 605 438 624 457
49 588 445 608 465
50 573 452 593 472
51 574 452 594 472
52 559 459 578 478
53 544 464 564 484
54 533 470 553 490
55 521 476 540 495
56 508 481 527 500
57 508 480 528 500
58 498 486 518 506
59 485 491 505 511
60 473 495 493 515
61 462 500 482 520
62 451 507 471 527
63 452 506 472 526
64 439 511 459 531
65 427 516 447 536
66 416 521 436 541
67 405 526 425 546
68 393 533 413 553
69 394 532 414 552
70 381 537 401 557
71 369 542 389 562
72 357 547 377 567
73 346 552 366 572
74 335 557 355 577
75 334 557 354 577
76 322 562 342 582
77 310 568 330 588
78 299 572 319 592
79 287 578 307 598
80 275 583 295 603
81 275 583 295 603
82 263 588 283 608
83 251 596 271 616
84 240 607 260 627
85 230 616 250 636
86 215 612 235 632
87 214 612 234 632
88 214 612 234 632
89 214 612 234 632
90 213 611 234 632
91 213 611 234 632
92 213 611 234 632
93 213 611 234 632
94 213 612 234 633
95 213 612 234 633
