280 -1 -1 -1 -1
0 714 72 734 92

1 714 72 734 92
2 714 72 734 92
3 713 72 733 92
4 712 70 735 93
5 713 72 733 92
6 713 72 733 92
7 712 71 734 93
8 711 70 735 94
9 713 71 736 94
10 714 72 734 92
11 713 72 733 92
12 713 72 733 92
13 713 71 735 93
14 710 78 732 100
15 710 78 732 100
16 708 91 728 111
17 705 103 724 122
18 703 116 722 135
19 699 127 718 146
20 698 138 717 157
21 697 139 716 158
22 695 151 714 170
23 692 163 711 182
24 689 175 708 194
25 686 187 705 206
26 683 198 702 217
27 683 197 702 216
28 680 210 699 229
29 677 222 696 241
30 675 234 694 253
31 671 246 690 265
32 669 259 688 278
33 668 259 687 278
34 666 272 685 291
35 662 284 681 303
36 659 298 678 317
37 657 310 676 329
38 653 324 672 343
39 653 324 672 343
40 650 337 669 356
41 647 351 666 370
42 643 365 662 384
43 640 377 660 397
44 637 391 657 411
45 637 391 657 411
46 633 405 653 425
47 630 420 650 440
48 636 430 656 450
49 649 438 668 457
50 661 445 680 464
51 662 446 681 465
52 673 453 692 472
53 683 462 702 481
54 694 471 713 490
55 703 479 722 498
56 713 489 733 509
57 713 489 733 509
58 723 497 743 517
59 733 506 753 526
60 743 516 763 536
61 754 525 774 545
62 764 535 784 555
63 764 535 784 555
64 774 544 794 564
65 784 553 804 573
66 795 563 815 583
67 805 573 825 593
68 816 582 836 602
69 816 582 836 602
70 825 581 845 601
71 833 573 853 593
72 841 566 861 586
73 848 560 868 580
74 856 553 876 573
75 856 553 876 573
76 864 547 884 567
77 872 541 893 562
78 880 537 901 558
79 887 530 908 551
80 895 526 916 547
81 894 525 915 546
82 902 520 923 541
83 910 515 931 536
84 917 510 938 531
85 924 504 946 526
86 931 499 953 521
87 931 498 953 520
88 938 493 960 515
89 946 488 968 510
90 952 483 973 504
91 960 479 981 500
92 963 474 984 495
93 963 474 984 495
94 956 470 977 491
95 951 465 972 486
96 945 461 966 482
97 941 456 962 477
98 935 451 956 472
99 935 452 956 473
100 930 447 951 468
101 924 443 945 464
102 920 439 941 460
103 914 435 935 456
104 910 430 931 451
105 910 431 931 452
106 904 426 925 447
107 900 423 921 444
108 895 419 916 440
109 891 414 912 435
110 886 411 907 432
111 886 410 907 431
112 881 407 902 428
113 877 403 897 423
114 872 399 892 419
115 867 395 887 415
116 863 391 883 411
117 863 391 883 411
118 859 388 879 408
119 854 384 874 404
120 850 380 871 401
121 846 376 866 396
122 841 373 861 393
123 840 373 860 393
124 837 370 857 390
125 832 366 852 386
126 828 362 848 382
127 824 359 844 379
128 820 355 840 375
129 820 355 840 375
130 817 352 836 371
131 813 349 832 368
132 808 345 827 364
133 805 342 824 361
134 801 339 820 358
135 801 339 820 358
136 797 336 817 356
137 793 332 813 352
138 789 329 809 349
139 785 326 805 346
140 781 323 801 343
141 782 323 802 343
142 778 319 798 339
143 775 316 794 335
144 771 313 790 332
145 768 311 787 330
146 765 307 784 326
147 764 307 784 327
148 761 304 780 323
149 758 302 777 321
150 754 298 773 317
151 751 296 770 315
152 748 293 767 312
153 748 293 767 312
154 744 290 763 309
155 742 288 761 307
156 738 284 757 303
157 735 282 754 301
158 732 279 751 298
159 732 280 751 299
160 729 277 748 296
161 726 274 745 293
162 722 271 741 290
163 720 268 739 287
164 717 266 736 285
165 717 266 736 285
166 714 264 733 283
167 711 261 730 280
168 709 259 728 278
169 706 256 725 275
170 703 254 722 273
171 703 254 722 273
172 700 251 719 270
173 697 249 716 268
174 694 246 713 265
175 692 244 711 263
176 689 242 708 261
177 689 242 708 261
178 686 239 705 258
179 684 237 703 256
180 682 234 701 253
181 679 233 698 252
182 675 229 695 249
183 676 230 695 249
184 674 227 693 246
185 670 226 690 246
186 669 223 688 242
187 666 221 685 240
188 664 220 683 239
189 665 220 684 239
190 661 218 680 237
191 659 214 678 233
192 656 213 675 232
193 654 211 673 230
194 651 208 671 228
195 651 208 671 228
196 650 206 669 225
197 647 205 666 224
198 645 204 664 223
199 643 202 662 221
200 641 200 660 219
201 641 200 660 219
202 638 197 657 216
203 637 195 656 214
204 634 193 653 212
205 632 192 651 211
206 630 189 649 208
207 630 189 649 208
208 628 188 647 207
209 626 186 645 205
210 624 184 643 203
211 622 183 641 202
212 620 180 639 199
213 620 180 639 199
214 618 180 637 199
215 616 177 635 196
216 615 176 634 195
217 612 174 631 193
218 612 173 631 192
219 612 173 631 192
220 610 171 629 190
221 607 170 626 189
222 606 167 625 186
223 604 166 623 185
224 602 165 621 184
225 602 165 621 184
226 600 163 619 182
227 599 162 618 181
228 598 161 617 180
229 595 158 614 177
230 594 158 613 177
231 593 158 612 177
232 593 156 612 175
233 590 154 609 173
234 590 154 609 173
235 587 152 606 171
236 586 150 605 169
237 586 151 605 170
238 585 149 604 168
239 584 148 603 167
240 581 146 600 165
241 581 146 600 165
242 579 144 598 163
243 579 144 598 163
244 578 143 597 162
245 577 142 596 161
246 575 141 594 160
247 574 140 593 159
248 573 138 592 157
249 572 138 591 157
250 571 137 590 156
251 570 136 589 155
252 569 135 588 154
253 568 134 587 153
254 566 133 585 152
255 566 132 585 151
256 565 132 584 151
257 564 131 583 150
258 563 130 582 149
259 562 129 581 148
260 560 128 579 147
261 561 128 580 147
262 560 127 579 146
263 558 126 577 145
264 557 125 576 144
265 556 124 575 143
266 555 123 574 142
267 555 122 574 141
268 554 122 573 141
269 553 121 572 140
270 552 120 571 139
271 551 120 570 139
272 550 118 569 137
273 550 118 569 137
274 549 118 568 137
275 548 117 567 136
276 547 116 566 135
277 547 115 566 134
278 545 115 564 134
279 546 115 565 134
