314 -1 -1 -1 -1
0 533 255 550 272
1 533 255 550 272
2 532 255 549 272
3 534 255 549 270
4 534 256 548 270
5 533 255 547 269
6 534 255 548 269
7 534 257 546 269
8 535 257 545 267
9 535 257 545 267
10 535 257 545 267
11 534 257 545 268
12 536 257 546 267
13 535 257 545 267
14 536 257 546 267
15 536 257 545 266
16 536 257 545 266
17 535 257 544 266
18 536 257 545 266
19 535 257 544 266
20 536 257 545 266
21 536 258 545 267
22 535 257 545 267
23 536 257 545 266
24 535 257 544 266
25 536 257 545 266
26 535 257 544 266
27 536 257 545 266
28 535 258 544 267
29 536 258 545 267
30 535 257 544 266
31 536 257 545 266
32 536 258 545 267
33 535 257 544 266
34 536 257 545 266
35 536 258 545 267
36 535 257 544 266
37 536 257 545 266
38 535 258 544 267
39 535 257 544 266
40 536 257 545 266
41 536 258 545 267
42 535 258 544 267
43 536 257 545 266
44 536 257 545 266
45 535 258 544 267
46 535 257 544 266
47 527 259 537 269
48 544 264 553 273
49 545 265 554 274
50 545 265 554 274
51 545 265 554 274
52 544 265 553 274
53 545 265 554 274
54 545 265 554 274
55 544 265 553 274
56 545 265 554 274
57 544 266 553 275
58 545 265 554 274
59 545 265 554 274
60 544 265 553 274
61 545 265 554 274
62 545 265 554 274
63 545 265 554 274
64 545 265 554 274
65 544 265 553 274
66 545 265 554 274
67 545 265 554 274
68 544 265 553 274
69 545 265 554 274
70 545 265 554 274
71 545 265 554 274
72 545 265 554 274
73 544 265 553 274
74 545 265 554 274
75 545 265 554 274
76 544 265 553 274
77 545 265 554 274
78 545 265 554 274
79 545 265 554 274
80 545 265 554 274
81 545 265 554 274
82 545 265 554 274
83 545 265 554 274
84 545 265 554 274
85 545 265 554 274
86 545 265 554 274
87 545 266 554 275
88 545 265 554 274
89 545 265 554 274
90 545 265 554 274
91 545 265 554 274
92 545 265 554 274
93 545 265 554 274
94 545 265 554 274
95 545 265 554 274
96 545 265 554 274
97 544 264 554 274
98 545 265 554 274
99 545 265 554 274
100 545 265 554 274
101 545 265 554 274
102 545 265 554 274
103 545 265 554 274
104 545 265 554 274
105 545 265 554 274
106 545 265 554 274
107 545 265 554 274
108 545 265 554 274
109 545 265 554 274
110 545 265 554 274
111 545 265 554 274
112 545 265 554 274
113 545 266 554 275
114 545 265 554 274
115 545 265 554 274
116 545 265 554 274
117 545 265 554 274
118 545 265 554 274
119 545 265 554 274
120 545 265 554 274
121 545 265 554 274
122 545 265 554 274
123 545 265 554 274
124 545 265 554 274
125 545 265 554 274
126 545 265 554 274
127 545 265 554 274
128 545 266 554 275
129 545 265 554 274
130 545 265 554 274
131 545 265 554 274
132 545 265 554 274
133 545 265 554 274
134 545 265 554 274
135 545 265 554 274
136 545 265 554 274
137 545 265 554 274
138 545 265 554 274
139 545 265 554 274
140 545 265 554 274
141 545 265 554 274
142 545 265 554 274
143 545 265 554 274
144 545 265 554 274
145 545 265 554 274
146 545 266 554 275
147 545 266 554 275
148 545 266 554 275
149 545 265 554 274
150 545 265 554 274
151 545 265 554 274
152 545 265 554 274
153 545 266 554 275
154 545 266 554 275
155 545 266 554 275
156 545 265 554 274
157 545 265 554 274
158 545 265 554 274
159 545 265 554 274
160 545 266 554 275
161 545 266 554 275
162 545 265 554 274
163 545 265 554 274
164 545 265 554 274
165 545 265 554 274
166 545 266 554 275
167 545 266 554 275
168 545 265 554 274
169 545 265 554 274
170 545 265 554 274
171 545 266 554 275
172 545 266 554 275
173 545 265 554 274
174 545 265 554 274
175 545 265 554 274
176 545 266 554 275
177 545 266 554 275
178 545 265 554 274
179 545 265 554 274
180 545 265 554 274
181 545 266 554 275
182 545 265 554 274
183 545 265 554 274
184 545 265 554 274
185 545 266 554 275
186 545 266 554 275
187 545 265 554 274
188 545 265 554 274
189 545 266 554 275
190 545 266 554 275
191 545 265 554 274
192 545 265 554 274
193 545 265 554 274
194 545 266 554 275
195 545 266 554 275
196 545 265 554 274
197 545 265 554 274
198 545 265 554 274
199 545 266 554 275
200 545 265 554 274
201 545 265 554 274
202 545 265 554 274
203 545 266 554 275
204 545 266 554 275
205 545 265 554 274
206 545 265 554 274
207 545 265 554 274
208 545 266 554 275
209 545 265 554 274
210 545 265 554 274
211 545 265 554 274
212 545 266 554 275
213 545 265 554 274
214 545 265 554 274
215 545 266 554 275
216 545 266 554 275
217 545 265 554 274
218 545 265 554 274
219 545 266 554 275
220 545 266 554 275
221 545 265 554 274
222 545 265 554 274
223 545 266 554 275
224 545 266 554 275
225 545 265 554 274
226 545 265 554 274
227 545 266 554 275
228 545 265 554 274
229 545 265 554 274
230 545 266 554 275
231 545 266 554 275
232 545 265 554 274
233 545 265 554 274
234 545 266 554 275
235 545 266 554 275
236 545 265 554 274
237 545 265 554 274
238 545 266 554 275
239 545 265 554 274
240 545 265 554 274
241 545 266 554 275
242 545 266 554 275
243 545 265 554 274
244 545 266 554 275
245 545 266 554 275
246 545 265 554 274
247 545 265 554 274
248 545 266 554 275
249 545 265 554 274
250 545 265 554 274
251 545 266 554 275
252 545 265 554 274
253 545 265 554 274
254 545 266 554 275
255 545 266 554 275
256 545 265 554 274
257 545 266 554 275
258 545 266 554 275
259 545 265 554 274
260 545 265 554 274
261 545 266 554 275
262 545 265 554 274
263 545 265 554 274
264 545 266 554 275
265 545 265 554 274
266 545 265 554 274
267 545 266 554 275
268 545 266 554 275
269 545 265 554 274
270 545 266 554 275
271 545 266 554 275
272 545 265 554 274
273 545 266 554 275
274 545 265 554 274
275 545 266 554 275
276 545 266 554 275
277 545 265 554 274
278 545 266 554 275
279 545 265 554 274
280 545 266 554 275
281 545 266 554 275
282 545 265 554 274
283 545 266 554 275
284 545 265 554 274
285 545 265 554 274
286 545 266 554 275
287 545 265 554 274
288 545 266 554 275
289 545 265 554 274
290 545 265 554 274
291 545 266 554 275
292 545 265 554 274
293 545 266 554 275
294 545 265 554 274
295 545 266 554 275
296 545 266 554 275
297 545 265 554 274
298 545 266 554 275
299 545 265 554 274
300 545 266 554 275
301 545 266 554 275
302 545 265 554 274
303 545 266 554 275
304 545 265 554 274
305 545 266 554 275
306 545 265 554 274
307 545 266 554 275
308 545 265 554 274
309 545 266 554 275
310 545 266 554 275
311 545 266 554 275
312 545 266 554 275
313 545 266 554 275
