314 -1 -1 -1 -1
0 810 430 829 452
1 810 430 829 452
2 810 430 829 452
3 810 430 829 452
4 810 430 829 452
5 811 430 830 452
6 811 430 830 452
7 811 430 830 452
8 811 430 830 452
9 811 430 830 452
10 811 430 830 452
11 811 430 830 452
12 811 430 830 452
13 811 430 830 452
14 810 430 829 452
15 810 430 829 452
16 810 430 829 452
17 811 431 828 451
18 810 430 828 451
19 810 430 828 451
20 810 430 828 451
21 811 430 829 451
22 811 430 829 451
23 811 430 829 451
24 811 430 829 451
25 811 430 829 451
26 812 431 829 451
27 811 430 829 451
28 811 430 829 451
29 811 430 829 451
30 810 429 830 452
31 809 428 832 455
32 810 430 829 452
33 812 432 829 452
34 811 432 828 452
35 810 430 828 451
36 810 430 828 451
37 811 430 829 451
38 811 430 829 451
39 811 430 829 451
40 811 430 829 451
41 810 429 830 452
42 809 429 831 454
43 809 428 832 455
44 809 428 832 455
45 810 430 829 452
46 809 429 832 455
47 809 428 832 455
48 809 428 832 454
49 809 428 832 455
50 811 430 830 452
51 809 429 832 455
52 809 429 832 456
53 809 429 832 455
54 809 428 832 455
55 809 428 832 455
56 810 430 829 452
57 809 429 832 455
58 809 428 832 455
59 809 428 832 454
60 809 428 832 455
61 810 430 829 452
62 809 429 832 455
63 809 429 832 456
64 809 429 832 455
65 809 428 832 455
66 809 428 832 454
67 809 428 832 455
68 811 430 830 452
69 809 429 832 455
70 809 429 832 456
71 809 429 832 455
72 809 428 832 455
73 811 430 830 452
74 809 429 832 456
75 809 429 832 455
76 809 428 832 455
77 811 430 830 452
78 809 429 832 455
79 809 429 832 456
80 809 429 832 455
81 809 428 832 455
82 810 430 829 452
83 809 429 832 455
84 809 429 832 456
85 809 429 832 455
86 809 428 832 455
87 809 428 832 454
88 809 428 832 455
89 810 430 829 452
90 809 429 832 455
91 809 429 832 455
92 808 428 833 457
93 807 425 834 456
94 809 428 832 455
95 808 427 833 456
96 809 429 832 455
97 809 428 832 455
98 809 428 832 454
99 809 428 832 455
100 810 430 829 452
101 809 430 831 455
102 809 429 832 456
103 809 429 832 455
104 809 428 832 455
105 809 428 832 454
106 809 428 832 455
107 810 430 829 452
108 809 429 832 455
109 809 429 832 455
110 809 429 832 456
111 809 429 832 455
112 809 428 832 455
113 809 428 832 454
114 809 428 832 455
115 811 430 830 452
116 809 429 832 455
117 809 429 832 456
118 809 429 832 455
119 809 429 832 455
120 809 429 832 456
121 809 428 832 454
122 809 428 832 455
123 811 430 830 452
124 809 429 832 455
125 809 428 832 455
126 809 428 832 454
127 809 428 832 455
128 810 430 829 452
129 809 429 832 455
130 809 429 832 455
131 809 429 832 456
132 808 429 829 453
133 809 430 828 452
134 800 430 818 451
135 793 428 810 448
136 786 429 801 447
137 780 429 794 446
138 773 428 786 444
139 773 428 787 445
140 766 427 780 444
141 759 425 775 443
142 753 424 767 441
143 747 423 761 440
144 741 423 754 438
145 741 423 754 438
146 735 422 748 437
147 728 421 741 437
148 722 420 736 437
149 714 418 730 437
150 709 418 724 436
151 708 418 724 437
152 702 416 719 436
153 695 414 713 435
154 690 413 708 434
155 684 414 700 433
156 678 412 696 433
157 678 411 696 432
158 672 410 692 433
159 666 409 686 432
160 661 409 680 431
161 655 408 674 430
162 649 407 670 431
163 649 407 668 429
164 644 408 662 429
165 640 406 658 427
166 632 405 651 427
167 627 404 648 428
168 621 402 642 426
169 621 402 641 425
170 616 403 636 426
171 612 403 630 424
172 605 401 623 422
173 599 400 620 424
174 595 399 615 422
175 595 399 615 422
176 589 398 611 423
177 584 397 607 423
178 580 397 601 421
179 575 396 595 419
180 570 395 591 419
181 570 396 589 418
182 565 395 586 419
183 560 394 580 417
184 554 393 577 419
185 550 392 572 417
186 544 390 568 418
187 543 389 568 418
188 539 390 563 418
189 534 388 559 417
190 530 389 553 416
191 527 389 548 413
192 522 388 543 412
193 522 387 544 412
194 518 388 539 412
195 514 387 534 410
196 510 387 530 410
197 505 386 527 411
198 501 385 522 409
199 501 386 521 409
200 497 386 517 409
201 493 384 514 408
202 489 384 508 406
203 485 384 504 406
204 481 384 500 406
205 481 383 500 405
206 477 383 496 405
207 473 382 492 404
208 469 382 488 404
209 465 381 484 403
210 461 380 481 403
211 461 381 481 404
212 457 379 479 404
213 453 378 475 403
214 449 378 470 402
215 446 378 465 400
216 443 378 462 400
217 443 379 461 400
218 439 377 457 398
219 437 377 455 398
220 433 376 451 397
221 429 375 447 396
222 426 375 445 397
223 426 375 444 396
224 422 375 441 397
225 419 374 438 396
226 416 374 435 396
227 413 373 433 396
228 409 372 428 394
229 410 373 429 395
230 407 372 426 394
231 404 373 422 394
232 401 371 419 392
233 398 371 416 392
234 394 370 412 391
235 394 371 412 392
236 394 372 410 391
237 390 370 407 390
238 386 369 404 390
239 383 370 401 391
240 381 369 399 390
241 379 367 400 391
242 376 366 398 391
243 374 366 397 392
244 371 364 394 391
245 367 365 390 391
246 366 365 389 391
247 366 365 388 390
248 365 365 386 389
249 361 364 382 388
250 358 363 379 387
251 357 364 377 387
252 356 364 375 386
253 354 364 375 388
254 352 363 372 386
255 351 364 371 387
256 349 363 368 385
257 346 363 365 385
258 345 363 364 385
259 345 362 365 385
260 343 361 364 385
261 341 361 362 385
262 339 359 361 384
263 336 359 358 384
264 334 360 355 384
265 334 359 355 383
266 307 359 329 384
267 306 359 329 385
268 305 359 328 385
269 305 359 328 385
270 303 358 327 386
271 303 359 326 386
272 304 359 327 385
273 303 358 327 386
274 303 359 326 386
275 304 359 327 385
276 303 358 327 386
277 303 359 326 386
278 304 359 327 385
279 303 359 327 387
280 303 359 326 386
281 304 359 327 385
282 303 359 327 387
283 303 359 326 386
284 304 359 327 385
285 303 359 327 387
286 303 358 328 387
287 304 359 327 385
288 303 359 327 387
289 303 359 326 386
290 304 359 327 385
291 303 358 328 387
292 303 358 328 387
293 304 359 327 385
294 303 358 328 387
295 303 358 326 385
296 304 359 327 385
297 303 358 328 387
298 303 359 326 386
299 304 359 327 385
300 303 358 328 387
301 304 359 327 385
302 304 359 327 385
303 303 358 328 387
304 303 358 326 385
305 304 359 327 385
306 304 359 327 385
307 303 358 328 387
308 304 359 327 385
309 304 359 327 385
310 304 359 327 385
311 304 359 327 385
312 304 359 327 385
313 304 359 327 385
