260 -1 -1 -1 -1
0 352 86 369 104
1 351 85 368 103
2 351 86 368 104
3 351 87 368 105
4 351 87 368 105
5 351 87 367 104
6 352 87 369 105
7 352 87 369 105
8 351 87 368 105
9 351 86 368 104
10 351 87 368 105
11 351 87 368 105
12 351 87 367 104
13 352 87 369 105
14 352 87 369 105
15 352 86 369 104
16 351 87 368 105
17 351 86 368 104
18 352 87 367 103
19 351 86 367 103
20 351 87 367 104
21 351 86 368 104
22 352 87 368 104
23 351 87 367 104
24 351 86 368 104
25 351 87 367 104
26 351 87 367 104
27 352 87 368 104
28 351 86 368 104
29 352 87 368 104
30 351 87 367 104
31 351 86 368 104
32 351 87 367 104
33 351 87 367 104
34 351 86 368 104
35 351 87 367 104
36 351 87 367 104
37 352 87 367 103
38 351 86 367 103
39 351 87 367 104
40 352 87 367 103
41 351 86 367 103
42 351 86 368 104
43 351 87 367 104
44 351 87 367 104
45 351 86 368 104
46 351 87 367 104
47 351 87 367 104
48 352 87 367 103
49 355 90 370 106
50 369 109 384 125
51 369 108 384 124
52 383 126 398 142
53 397 145 411 160
54 412 164 426 179
55 426 183 440 198
56 440 201 455 217
57 439 201 455 218
58 452 218 468 235
59 466 237 482 254
60 479 254 496 272
61 495 274 512 292
62 511 295 527 312
63 511 295 526 311
64 525 314 540 330
65 539 333 555 350
66 556 354 572 371
67 572 374 588 391
68 587 395 603 412
69 587 395 603 412
70 602 416 618 433
71 611 434 628 452
72 598 442 615 460
73 584 451 601 469
74 570 459 587 477
75 570 459 587 477
76 557 468 575 487
77 545 477 563 496
78 533 486 551 505
79 523 498 540 516
80 514 509 531 527
81 514 508 531 526
82 506 520 523 538
83 497 531 514 549
84 488 542 506 561
85 480 555 497 573
86 472 567 489 585
87 472 567 489 585
88 464 579 481 597
89 456 591 473 609
90 447 599 464 617
91 441 591 458 609
92 435 581 453 600
93 435 580 453 599
94 430 571 448 590
95 424 562 442 581
96 419 553 437 572
97 413 547 431 566
98 407 539 425 558
99 408 539 426 558
100 402 531 420 550
101 397 525 415 544
102 392 518 410 537
103 387 511 405 530
104 381 505 399 524
105 381 504 399 523
106 376 498 394 517
107 371 490 389 509
108 366 484 385 504
109 360 478 379 498
110 356 471 374 490
111 356 471 374 490
112 350 464 368 483
113 346 459 363 477
114 341 452 359 471
115 336 446 354 465
116 331 440 349 459
117 331 440 349 459
118 326 434 344 453
119 322 428 340 447
120 317 422 335 441
121 312 416 330 435
122 308 410 325 428
123 308 411 325 429
124 304 405 321 423
125 301 399 318 417
126 306 394 323 412
127 309 390 326 408
128 313 385 330 403
129 313 384 330 402
130 317 380 334 398
131 320 375 337 393
132 324 371 341 389
133 328 366 345 384
134 331 362 348 380
135 331 361 348 379
136 334 357 351 375
137 338 352 355 370
138 342 348 359 366
139 345 343 362 361
140 349 339 366 357
141 349 339 366 357
142 352 335 369 353
143 355 330 372 348
144 358 326 375 344
145 361 322 378 340
146 364 318 381 336
147 365 318 382 336
148 367 313 384 331
149 371 309 388 327
150 374 305 391 323
151 377 301 394 319
152 380 297 397 315
153 380 297 396 314
154 382 293 398 310
155 386 289 402 306
156 389 286 405 303
157 392 282 408 299
158 395 278 411 295
159 395 278 411 295
160 396 273 413 291
161 400 270 417 288
162 403 266 420 284
163 406 262 423 280
164 409 258 426 276
165 408 258 425 276
166 411 254 428 272
167 413 251 430 269
168 417 248 434 266
169 420 245 437 263
170 422 241 439 259
171 421 241 438 259
172 425 237 442 255
173 427 234 444 252
174 428 231 445 249
175 432 227 449 245
176 435 223 452 241
177 434 224 451 242
178 436 221 453 239
179 439 217 456 235
180 441 214 458 232
181 443 211 460 229
182 445 208 462 226
183 445 208 462 226
184 448 205 465 223
185 450 201 467 219
186 452 199 469 217
187 455 195 472 213
188 456 192 473 210
189 456 192 473 210
190 459 189 476 207
191 460 186 477 204
192 463 183 480 201
193 465 180 482 198
194 467 178 484 196
195 467 177 484 195
196 469 174 486 192
197 471 172 488 190
198 473 168 490 186
199 476 166 493 184
200 477 163 494 181
201 477 163 494 181
202 479 161 496 179
203 481 158 498 176
204 483 156 500 174
205 486 153 503 171
206 487 150 504 168
207 487 150 504 168
208 488 148 505 166
209 490 144 507 162
210 493 142 510 160
211 493 140 510 158
212 496 137 513 155
213 496 137 513 155
214 497 135 514 153
215 500 132 517 150
216 501 131 518 149
217 503 127 520 145
218 505 125 522 143
219 504 124 521 142
220 506 122 523 140
221 508 120 525 138
222 508 117 525 135
223 511 115 528 133
224 512 114 529 132
225 513 113 530 131
226 514 111 531 129
227 515 108 532 126
228 518 106 535 124
229 519 103 536 121
230 520 102 537 120
231 520 102 537 120
232 522 100 539 118
233 523 97 540 115
234 524 96 541 114
235 527 93 544 111
236 528 91 545 109
237 528 90 545 108
238 530 89 547 107
239 530 87 547 105
240 532 85 549 103
241 533 83 550 101
242 535 81 552 99
243 535 81 552 99
244 536 78 553 96
245 538 76 555 94
246 539 74 556 92
247 540 72 557 90
248 541 71 558 89
249 541 71 558 89
250 542 69 559 87
251 543 67 560 85
252 544 67 561 85
253 545 68 562 86
254 546 69 563 87
255 545 69 562 87
256 546 70 563 88
257 547 72 564 90
258 548 72 565 90
259 549 73 566 91
