260 -1 -1 -1 -1
0 628 439 649 460
1 628 439 649 460
2 628 439 649 460
3 628 439 649 460
4 628 439 649 460
5 628 439 649 460
6 629 440 648 459
7 627 439 646 458
8 627 439 646 458
9 628 439 647 458
10 628 439 647 458
11 627 438 647 458
12 628 439 647 458
13 627 438 647 458
14 628 439 647 458
15 628 439 647 458
16 627 438 647 458
17 628 439 647 458
18 628 439 647 458
19 627 439 647 459
20 628 439 647 458
21 628 439 647 458
22 627 439 647 459
23 628 439 647 458
24 628 439 647 458
25 627 439 647 459
26 628 440 647 459
27 628 440 647 459
28 627 439 647 459
29 628 440 647 459
30 628 440 646 458
31 627 439 647 459
32 628 440 647 459
33 627 438 647 458
34 628 439 647 458
35 627 439 647 459
36 628 440 647 459
37 628 440 647 459
38 627 439 647 459
39 628 440 647 459
40 627 438 647 458
41 628 439 647 458
42 627 439 647 459
43 628 439 647 458
44 627 439 647 459
45 628 440 647 459
46 629 441 646 458
47 628 439 647 458
48 628 439 647 458
49 627 439 647 459
50 628 440 647 459
51 627 439 647 459
52 628 440 647 459
53 629 441 646 458
54 628 439 647 458
55 628 439 647 458
56 627 439 647 459
57 628 440 647 459
58 627 439 647 459
59 628 440 647 459
60 629 441 646 458
61 628 439 647 458
62 627 439 647 459
63 627 439 647 459
64 628 440 647 459
65 627 439 647 459
66 627 439 647 459
67 628 439 648 459
68 627 438 648 459
69 627 438 648 459
70 627 438 647 458
71 630 463 650 483
72 630 463 651 484
73 631 463 651 483
74 631 464 651 484
75 631 463 651 483
76 631 463 651 483
77 631 464 651 484
78 631 463 651 483
79 631 463 651 483
80 631 463 651 483
81 631 463 651 483
82 631 463 651 483
83 631 463 651 483
84 631 464 651 484
85 631 464 651 484
86 631 464 651 484
87 631 463 651 483
88 631 463 651 483
89 631 463 651 483
90 631 463 651 483
91 631 464 651 484
92 631 464 651 484
93 631 464 651 484
94 631 464 651 484
95 631 464 651 484
96 631 464 651 484
97 631 464 651 484
98 631 464 651 484
99 631 464 651 484
100 631 464 651 484
101 631 464 651 484
102 631 464 651 484
103 631 464 651 484
104 631 464 651 484
105 631 464 651 484
106 631 464 651 484
107 631 464 651 484
108 631 464 651 484
109 631 464 651 484
110 631 464 651 484
111 631 464 651 484
112 631 464 651 484
113 631 464 651 484
114 631 464 651 484
115 631 464 651 484
116 632 465 651 484
117 632 465 651 484
118 633 466 650 483
119 632 465 650 483
120 633 466 650 483
121 632 465 651 484
122 632 464 651 483
123 632 465 651 484
124 631 465 651 485
125 632 465 651 484
126 631 465 651 485
127 631 465 651 485
128 631 464 652 485
129 631 464 651 484
130 631 465 651 485
131 631 464 652 485
132 631 464 651 484
133 631 464 651 484
134 631 465 651 485
135 631 465 651 485
136 631 465 651 485
137 631 464 651 484
138 631 464 651 484
139 631 465 651 485
140 631 464 651 484
141 631 465 650 484
142 631 465 651 485
143 631 465 651 485
144 631 465 651 485
145 631 465 651 485
146 631 465 651 485
147 631 464 651 484
148 631 465 650 484
149 631 465 651 485
150 631 465 651 485
151 631 465 651 485
152 631 465 651 485
153 631 465 651 485
154 631 465 651 485
155 631 464 651 484
156 631 464 651 484
157 631 465 651 485
158 631 464 651 484
159 631 465 651 485
160 631 464 651 484
161 631 464 651 484
162 631 464 651 484
163 631 464 651 484
164 631 465 651 485
165 631 464 651 484
166 631 465 651 485
167 631 464 651 484
168 631 465 651 485
169 631 465 651 485
170 631 465 651 485
171 631 465 651 485
172 631 465 651 485
173 631 465 651 485
174 631 465 651 485
175 631 465 651 485
176 631 465 651 485
177 631 465 651 485
178 631 465 651 485
179 631 465 651 485
180 631 465 651 485
181 631 465 651 485
182 631 465 651 485
183 631 465 651 485
184 632 466 651 485
185 631 464 651 484
186 631 464 651 484
187 631 465 651 485
188 631 464 651 484
189 631 465 651 485
190 631 465 651 485
191 631 465 651 485
192 631 465 651 485
193 631 465 651 485
194 631 465 651 485
195 632 466 651 485
196 631 464 651 484
197 631 464 651 484
198 631 465 651 485
199 631 465 651 485
200 631 465 651 485
201 631 465 651 485
202 632 466 651 485
203 632 465 650 483
204 632 466 650 484
205 632 466 651 485
206 631 465 651 485
207 631 465 651 485
208 631 465 651 485
209 633 466 651 484
210 632 465 652 485
211 631 465 652 486
212 631 466 650 485
213 631 466 650 485
214 632 466 651 485
215 632 466 651 485
216 632 466 651 485
217 632 466 651 485
218 631 465 651 485
219 631 465 651 485
220 630 464 652 486
221 631 465 651 485
222 631 465 651 485
223 631 466 651 486
224 631 465 651 485
225 632 466 652 486
226 631 465 651 485
227 631 465 651 485
228 631 465 651 485
229 631 465 651 485
230 631 465 651 485
231 632 466 652 486
232 631 465 651 485
233 631 465 651 485
234 633 467 650 484
235 631 464 651 484
236 631 465 651 485
237 631 465 651 485
238 631 465 651 485
239 632 467 649 484
240 633 466 649 482
241 633 467 650 484
242 632 466 651 485
243 631 465 651 485
244 631 465 651 485
245 631 465 651 485
246 632 466 650 484
247 632 465 651 484
248 631 465 651 485
249 631 465 651 485
250 631 465 651 485
251 631 465 651 485
252 633 466 651 484
253 632 465 652 485
254 631 465 651 485
255 632 466 650 484
256 631 465 651 485
257 632 467 649 484
258 632 465 651 484
259 631 465 651 485
