1 4.9
2 6.7
3 5.8
4 8.5
5 4.9
6 6.7
7 9.1
8 3.7
9 5.5
10 5.5
11 4.6
12 6.7
13 7.3
14 6.4
15 7.0
16 4.6
17 7.6
18 6.1
19 4.9
20 7.6
21 6.4
22 5.5
23 6.4
24 7.3
25 7.9
26 8.5
27 5.5
28 8.8
29 6.1
30 7.9
31 4.9
32 5.2
33 7.6
34 7.0
35 7.0
36 6.4
37 8.8
38 6.7
39 7.0
40 5.8
41 7.6
42 9.7
43 6.7
44 6.4
45 5.5
46 7.3
47 8.8
48 6.4
49 5.8
50 7.0
51 8.2
52 4.9
53 4.3
54 8.8
55 8.2
56 5.2
57 5.2
58 5.5
59 7.0
60 7.9
61 4.9
62 4.6
63 5.2
64 7.6
65 7.0
66 9.4
67 7.3
68 4.6
69 4.3
70 4.0
71 6.4
72 4.9
73 5.5
74 9.4
75 4.0
76 6.1
77 7.3
78 4.0
79 5.5
80 5.5
81 8.5
82 4.9
83 6.7
84 5.2
85 7.6
86 4.9
87 5.5
88 9.1
89 6.4
90 6.1
91 6.1
92 5.5
93 4.6
94 7.9
95 4.6
96 6.7
97 5.5
98 5.5
99 7.3
100 4.9
101 4.9
102 5.2
103 5.5
104 5.2
105 4.0
106 6.4
107 9.7
108 8.8
109 5.8
110 7.3
111 6.1
112 4.3
113 6.1
114 6.4
115 5.2
116 6.4
117 4.9
118 3.7
119 5.8
120 4.6
121 6.7
122 5.5
123 4.0
124 8.8
125 6.4
126 4.3
127 7.3
128 8.8
129 6.4
130 4.3
131 6.4
132 4.3
133 3.7
134 6.4
135 7.6
136 5.8
137 5.8
138 6.7
139 4.6
140 7.3
141 5.5
142 4.3
143 6.4
144 8.8
145 6.7
146 4.3
147 5.8
148 7.3
149 7.6
150 6.4